reform_name,year,baseline_revenue,reform_revenue,revenue_impact,baseline_tob_medicare_hi,reform_tob_medicare_hi,tob_medicare_hi_impact,baseline_tob_oasdi,reform_tob_oasdi,tob_oasdi_impact,baseline_tob_total,reform_tob_total,tob_total_impact,scoring_type,employer_ss_tax_revenue,employer_medicare_tax_revenue,oasdi_gain,hi_gain,oasdi_loss,hi_loss,oasdi_net_impact,hi_net_impact
option1,2026,2670.7200000000,2543.8500000000,-126.8640000000,52.1990000000,2.0881000000,-49.4081000000,76.7901000000,0.0000000000,-76.2590000000,128.9891000000,0.8914210000,-126.8640000000,dynamic,0.0000000000,0.0000000000,0.0000000000,0.0000000000,0.0000000000,0.0000000000,0.0000000000,0.0000000000
option1,2027,2853.9800000000,2713.7800000000,-140.1910000000,60.5690000000,2.0851500000,-57.1429000000,82.5517000000,0.0000000000,-82.2295000000,143.1207000000,1.2662300000,-140.1910000000,dynamic,0.0000000000,0.0000000000,0.0000000000,0.0000000000,0.0000000000,0.0000000000,0.0000000000,0.0000000000
option1,2028,3061.2600000000,2910.0100000000,-151.2550000000,65.6350000000,2.1742500000,-62.0421000000,88.7607000000,0.0000000000,-88.4947000000,154.3957000000,1.4557000000,-151.2550000000,dynamic,0.0000000000,0.0000000000,0.0000000000,0.0000000000,0.0000000000,0.0000000000,0.0000000000,0.0000000000
option1,2029,3301.6600000000,3139.2300000000,-162.4270000000,70.7970000000,2.9386500000,-67.1237000000,95.2200000000,0.0000000000,-94.7616000000,166.0170000000,2.3973600000,-162.4270000000,dynamic,0.0000000000,0.0000000000,0.0000000000,0.0000000000,0.0000000000,0.0000000000,0.0000000000,0.0000000000
option1,2030,3538.5600000000,3360.7900000000,-177.7670000000,76.5940000000,2.4925100000,-74.2509000000,103.2642000000,0.0000000000,-102.9300000000,179.8582000000,1.9062800000,-177.7670000000,dynamic,0.0000000000,0.0000000000,0.0000000000,0.0000000000,0.0000000000,0.0000000000,0.0000000000,0.0000000000
option1,2031,3756.8100000000,3564.8700000000,-191.9430000000,83.0360000000,3.1059200000,-80.0770000000,111.7638000000,0.0000000000,-111.3020000000,194.7998000000,2.5420400000,-191.9430000000,dynamic,0.0000000000,0.0000000000,0.0000000000,0.0000000000,0.0000000000,0.0000000000,0.0000000000,0.0000000000
option1,2032,4017.0200000000,3808.8700000000,-208.1500000000,89.8820000000,2.8536100000,-87.1833000000,120.7920000000,0.0000000000,-120.2900000000,210.6740000000,2.1773300000,-208.1500000000,dynamic,0.0000000000,0.0000000000,0.0000000000,0.0000000000,0.0000000000,0.0000000000,0.0000000000,0.0000000000
option1,2033,4256.8700000000,4033.6400000000,-223.2260000000,97.0470000000,2.9647600000,-94.3075000000,128.8882000000,0.0000000000,-128.4260000000,225.9352000000,2.4715200000,-223.2260000000,dynamic,0.0000000000,0.0000000000,0.0000000000,0.0000000000,0.0000000000,0.0000000000,0.0000000000,0.0000000000
option1,2034,4503.4000000000,4263.1700000000,-240.2270000000,104.5210000000,3.4948400000,-101.2740000000,138.7866000000,0.0000000000,-138.4610000000,243.3076000000,3.0028100000,-240.2270000000,dynamic,0.0000000000,0.0000000000,0.0000000000,0.0000000000,0.0000000000,0.0000000000,0.0000000000,0.0000000000
option1,2035,4733.3100000000,4478.4300000000,-254.8830000000,111.6830000000,3.4742200000,-108.5140000000,145.8450000000,0.0000000000,-145.7060000000,257.5280000000,2.8115400000,-254.8830000000,dynamic,0.0000000000,0.0000000000,0.0000000000,0.0000000000,0.0000000000,0.0000000000,0.0000000000,0.0000000000
option1,2036,4969.9300000000,4700.0500000000,-269.8760000000,118.3400000000,2.8881600000,-115.8020000000,153.1075000000,0.0000000000,-153.1440000000,271.4475000000,1.9577300000,-269.8760000000,dynamic,0.0000000000,0.0000000000,0.0000000000,0.0000000000,0.0000000000,0.0000000000,0.0000000000,0.0000000000
option1,2037,5195.1800000000,4913.2800000000,-281.8930000000,124.9520000000,3.3173600000,-121.9730000000,158.9315000000,0.0000000000,-159.1790000000,283.8835000000,2.5759100000,-281.8930000000,dynamic,0.0000000000,0.0000000000,0.0000000000,0.0000000000,0.0000000000,0.0000000000,0.0000000000,0.0000000000
option1,2038,5455.7500000000,5158.4300000000,-297.3220000000,131.6650000000,2.3926300000,-129.5500000000,166.8144000000,0.0000000000,-167.1380000000,298.4794000000,1.7590700000,-297.3220000000,dynamic,0.0000000000,0.0000000000,0.0000000000,0.0000000000,0.0000000000,0.0000000000,0.0000000000,0.0000000000
option1,2039,5708.8200000000,5397.1700000000,-311.6510000000,138.4440000000,3.2010800000,-135.4370000000,175.0167000000,0.0000000000,-175.5280000000,313.4607000000,2.5145400000,-311.6510000000,dynamic,0.0000000000,0.0000000000,0.0000000000,0.0000000000,0.0000000000,0.0000000000,0.0000000000,0.0000000000
option1,2040,5992.0100000000,5664.7400000000,-327.2730000000,145.2740000000,3.2849900000,-142.0310000000,183.6008000000,0.0000000000,-184.3670000000,328.8748000000,2.4106200000,-327.2730000000,dynamic,0.0000000000,0.0000000000,0.0000000000,0.0000000000,0.0000000000,0.0000000000,0.0000000000,0.0000000000
option1,2041,6271.7500000000,5929.6900000000,-342.0590000000,152.1750000000,2.9492200000,-149.3070000000,190.5286000000,0.0000000000,-191.3130000000,342.7036000000,1.5110200000,-342.0590000000,dynamic,0.0000000000,0.0000000000,0.0000000000,0.0000000000,0.0000000000,0.0000000000,0.0000000000,0.0000000000
option1,2042,6593.4300000000,6238.1900000000,-355.2470000000,159.2090000000,3.9559900000,-155.2400000000,197.7290000000,0.0000000000,-198.3410000000,356.9380000000,2.2899900000,-355.2470000000,dynamic,0.0000000000,0.0000000000,0.0000000000,0.0000000000,0.0000000000,0.0000000000,0.0000000000,0.0000000000
option1,2043,6887.1100000000,6515.9600000000,-371.1440000000,166.4120000000,4.1921900000,-162.1560000000,207.3660000000,0.0000000000,-207.7200000000,373.7780000000,2.9245400000,-371.1440000000,dynamic,0.0000000000,0.0000000000,0.0000000000,0.0000000000,0.0000000000,0.0000000000,0.0000000000,0.0000000000
option1,2044,7214.6900000000,6829.7700000000,-384.9230000000,173.8540000000,5.2061000000,-168.4490000000,215.2035000000,0.0000000000,-215.3950000000,389.0575000000,4.1268800000,-384.9230000000,dynamic,0.0000000000,0.0000000000,0.0000000000,0.0000000000,0.0000000000,0.0000000000,0.0000000000,0.0000000000
option1,2045,7534.1700000000,7133.7600000000,-400.4100000000,181.5870000000,7.0030600000,-174.1940000000,225.6672000000,0.0000000000,-225.5000000000,407.2542000000,6.2867700000,-400.4100000000,dynamic,0.0000000000,0.0000000000,0.0000000000,0.0000000000,0.0000000000,0.0000000000,0.0000000000,0.0000000000
option1,2046,7879.0100000000,7461.8400000000,-417.1690000000,189.5550000000,6.5225400000,-182.6570000000,234.1536000000,0.0000000000,-233.6920000000,423.7086000000,5.7020400000,-417.1690000000,dynamic,0.0000000000,0.0000000000,0.0000000000,0.0000000000,0.0000000000,0.0000000000,0.0000000000,0.0000000000
option1,2047,8226.8600000000,7793.4900000000,-433.3730000000,197.8510000000,6.8897000000,-190.6850000000,243.0048000000,0.0000000000,-242.1250000000,440.8558000000,6.3270400000,-433.3730000000,dynamic,0.0000000000,0.0000000000,0.0000000000,0.0000000000,0.0000000000,0.0000000000,0.0000000000,0.0000000000
option1,2048,8617.8000000000,8163.5900000000,-454.2120000000,206.5860000000,6.4539700000,-199.9800000000,254.8190000000,0.0000000000,-253.5510000000,461.4050000000,5.7740500000,-454.2120000000,dynamic,0.0000000000,0.0000000000,0.0000000000,0.0000000000,0.0000000000,0.0000000000,0.0000000000,0.0000000000
option1,2049,9012.1900000000,8539.3800000000,-472.8020000000,215.7510000000,6.8102400000,-208.8500000000,264.4511000000,0.0000000000,-262.9260000000,480.2021000000,5.7838700000,-472.8020000000,dynamic,0.0000000000,0.0000000000,0.0000000000,0.0000000000,0.0000000000,0.0000000000,0.0000000000,0.0000000000
option1,2050,9368.7500000000,8869.0000000000,-499.7540000000,230.0260000000,7.2414600000,-222.7270000000,277.3400000000,0.0000000000,-275.6690000000,507.3660000000,5.8841200000,-499.7540000000,dynamic,0.0000000000,0.0000000000,0.0000000000,0.0000000000,0.0000000000,0.0000000000,0.0000000000,0.0000000000
option1,2051,9754.0300000000,9232.2300000000,-521.7970000000,240.2810000000,7.5225000000,-232.7070000000,287.8848000000,0.0000000000,-286.3460000000,528.1658000000,4.7789900000,-521.7970000000,dynamic,0.0000000000,0.0000000000,0.0000000000,0.0000000000,0.0000000000,0.0000000000,0.0000000000,0.0000000000
option1,2052,10214.5000000000,9669.5900000000,-544.9550000000,251.0780000000,7.6304100000,-243.4200000000,301.8906000000,0.0000000000,-300.5460000000,552.9686000000,6.6410100000,-544.9550000000,dynamic,0.0000000000,0.0000000000,0.0000000000,0.0000000000,0.0000000000,0.0000000000,0.0000000000,0.0000000000
option1,2053,10749.8000000000,10182.1000000000,-567.6380000000,262.5120000000,7.8891100000,-254.6130000000,313.4439000000,0.0000000000,-312.2650000000,575.9559000000,7.1290500000,-567.6380000000,dynamic,0.0000000000,0.0000000000,0.0000000000,0.0000000000,0.0000000000,0.0000000000,0.0000000000,0.0000000000
option1,2054,12663.3000000000,12052.7000000000,-610.5700000000,274.4690000000,0.2388450000,-274.2190000000,328.6900000000,0.0000000000,-329.6720000000,603.1590000000,-6.4398200000,-610.5700000000,dynamic,0.0000000000,0.0000000000,0.0000000000,0.0000000000,0.0000000000,0.0000000000,0.0000000000,0.0000000000
option1,2055,13208.3000000000,12569.4000000000,-638.9230000000,287.1610000000,1.0390000000,-286.1170000000,344.6524000000,0.0000000000,-345.5880000000,631.8134000000,-6.1796500000,-638.9230000000,dynamic,0.0000000000,0.0000000000,0.0000000000,0.0000000000,0.0000000000,0.0000000000,0.0000000000,0.0000000000
option1,2056,13833.7000000000,13168.6000000000,-665.1270000000,300.5570000000,1.1141500000,-299.5740000000,357.8632000000,0.0000000000,-359.1770000000,658.4202000000,-5.2619600000,-665.1270000000,dynamic,0.0000000000,0.0000000000,0.0000000000,0.0000000000,0.0000000000,0.0000000000,0.0000000000,0.0000000000
option1,2057,14476.1000000000,13779.3000000000,-696.7770000000,314.6760000000,0.0041811100,-314.7520000000,375.2580000000,0.0000000000,-376.3420000000,689.9340000000,-5.6782300000,-696.7770000000,dynamic,0.0000000000,0.0000000000,0.0000000000,0.0000000000,0.0000000000,0.0000000000,0.0000000000,0.0000000000
option1,2058,15009.9000000000,14277.4000000000,-732.4660000000,329.5380000000,-2.1458100000,-331.5280000000,393.4703000000,0.0000000000,-394.5430000000,723.0083000000,-8.5402300000,-732.4660000000,dynamic,0.0000000000,0.0000000000,0.0000000000,0.0000000000,0.0000000000,0.0000000000,0.0000000000,0.0000000000
option1,2059,15849.9000000000,15088.1000000000,-761.7990000000,344.9370000000,2.4275900000,-342.1240000000,412.5680000000,0.0000000000,-413.7720000000,757.5050000000,-3.4752700000,-761.7990000000,dynamic,0.0000000000,0.0000000000,0.0000000000,0.0000000000,0.0000000000,0.0000000000,0.0000000000,0.0000000000
option1,2060,16882.7000000000,16088.3000000000,-794.4300000000,360.8930000000,2.4883000000,-357.8790000000,428.4384000000,0.0000000000,-429.7410000000,789.3314000000,-4.3212100000,-794.4300000000,dynamic,0.0000000000,0.0000000000,0.0000000000,0.0000000000,0.0000000000,0.0000000000,0.0000000000,0.0000000000
option1,2061,17859.1000000000,17023.8000000000,-835.3440000000,377.2930000000,-1.1997900000,-377.9540000000,449.2110000000,0.0000000000,-450.4010000000,826.5040000000,-8.1891800000,-835.3440000000,dynamic,0.0000000000,0.0000000000,0.0000000000,0.0000000000,0.0000000000,0.0000000000,0.0000000000,0.0000000000
option1,2062,18923.8000000000,18043.6000000000,-880.2830000000,394.3990000000,-6.2776900000,-400.4610000000,470.9474000000,0.0000000000,-472.2380000000,865.3464000000,-13.8614000000,-880.2830000000,dynamic,0.0000000000,0.0000000000,0.0000000000,0.0000000000,0.0000000000,0.0000000000,0.0000000000,0.0000000000
option1,2063,19827.2000000000,18901.3000000000,-925.9100000000,412.0590000000,-18.2507000000,-430.1540000000,489.0416000000,0.0000000000,-489.9490000000,901.1006000000,-24.0572000000,-925.9100000000,dynamic,0.0000000000,0.0000000000,0.0000000000,0.0000000000,0.0000000000,0.0000000000,0.0000000000,0.0000000000
option1,2064,20662.7000000000,19690.3000000000,-972.4550000000,430.2720000000,-24.4189000000,-454.6230000000,512.5514000000,0.0000000000,-512.6800000000,942.8234000000,-29.5705000000,-972.4550000000,dynamic,0.0000000000,0.0000000000,0.0000000000,0.0000000000,0.0000000000,0.0000000000,0.0000000000,0.0000000000
option1,2065,21472.0000000000,20467.2000000000,-1004.8300000000,449.2870000000,-18.1832000000,-466.9450000000,532.1431000000,0.0000000000,-531.9770000000,981.4301000000,-24.0882000000,-1004.8300000000,dynamic,0.0000000000,0.0000000000,0.0000000000,0.0000000000,0.0000000000,0.0000000000,0.0000000000,0.0000000000
option1,2066,22145.5000000000,21098.6000000000,-1046.8200000000,469.0500000000,-8.6439000000,-477.5520000000,557.6148000000,0.0000000000,-555.6290000000,1026.6648000000,-22.2824000000,-1046.8200000000,dynamic,0.0000000000,0.0000000000,0.0000000000,0.0000000000,0.0000000000,0.0000000000,0.0000000000,0.0000000000
option1,2067,23158.8000000000,22065.9000000000,-1092.8900000000,489.6560000000,0.3973260000,-489.2520000000,584.2182000000,0.0000000000,-577.5620000000,1073.8742000000,-25.6786000000,-1092.8900000000,dynamic,0.0000000000,0.0000000000,0.0000000000,0.0000000000,0.0000000000,0.0000000000,0.0000000000,0.0000000000
option1,2068,24303.3000000000,23177.4000000000,-1125.8100000000,511.1680000000,-2.9228600000,-513.8560000000,606.4433000000,0.0000000000,-605.7440000000,1117.6113000000,-9.1323900000,-1125.8100000000,dynamic,0.0000000000,0.0000000000,0.0000000000,0.0000000000,0.0000000000,0.0000000000,0.0000000000,0.0000000000
option1,2069,25008.3000000000,23829.1000000000,-1179.1700000000,533.5960000000,-4.0473300000,-537.0070000000,635.2060000000,0.0000000000,-635.3410000000,1168.8020000000,-10.8652000000,-1179.1700000000,dynamic,0.0000000000,0.0000000000,0.0000000000,0.0000000000,0.0000000000,0.0000000000,0.0000000000,0.0000000000
option1,2070,26230.5000000000,24994.6000000000,-1235.9800000000,556.9600000000,-4.4670000000,-560.5920000000,659.2300000000,0.0000000000,-659.3470000000,1216.1900000000,-20.5122000000,-1235.9800000000,dynamic,0.0000000000,0.0000000000,0.0000000000,0.0000000000,0.0000000000,0.0000000000,0.0000000000,0.0000000000
option1,2071,27460.8000000000,26162.8000000000,-1297.9300000000,581.1500000000,-3.0721900000,-583.4320000000,690.3756000000,0.0000000000,-690.3680000000,1271.5256000000,-27.1967000000,-1297.9300000000,dynamic,0.0000000000,0.0000000000,0.0000000000,0.0000000000,0.0000000000,0.0000000000,0.0000000000,0.0000000000
option1,2072,28672.2000000000,27325.4000000000,-1346.7900000000,606.2660000000,1.3345500000,-604.1850000000,722.8816000000,0.0000000000,-722.8600000000,1329.1476000000,-18.4106000000,-1346.7900000000,dynamic,0.0000000000,0.0000000000,0.0000000000,0.0000000000,0.0000000000,0.0000000000,0.0000000000,0.0000000000
option1,2073,30210.4000000000,28830.9000000000,-1379.4100000000,632.6410000000,11.1532000000,-620.5450000000,750.1200000000,0.0000000000,-750.2580000000,1382.7610000000,2.5479900000,-1379.4100000000,dynamic,0.0000000000,0.0000000000,0.0000000000,0.0000000000,0.0000000000,0.0000000000,0.0000000000,0.0000000000
option1,2074,31603.2000000000,30161.6000000000,-1441.6500000000,659.8630000000,7.0582200000,-651.7930000000,785.3613000000,0.0000000000,-785.9320000000,1445.2243000000,3.1342000000,-1441.6500000000,dynamic,0.0000000000,0.0000000000,0.0000000000,0.0000000000,0.0000000000,0.0000000000,0.0000000000,0.0000000000
option1,2075,32670.6000000000,31170.7000000000,-1499.8100000000,688.1650000000,8.9453600000,-678.0400000000,815.0803000000,0.0000000000,-815.9030000000,1503.2453000000,3.0762200000,-1499.8100000000,dynamic,0.0000000000,0.0000000000,0.0000000000,0.0000000000,0.0000000000,0.0000000000,0.0000000000,0.0000000000
option1,2076,33237.4000000000,31666.4000000000,-1571.0000000000,717.0490000000,13.0212000000,-702.7530000000,853.4268000000,0.0000000000,-854.7490000000,1570.4758000000,-0.4726190000,-1571.0000000000,dynamic,0.0000000000,0.0000000000,0.0000000000,0.0000000000,0.0000000000,0.0000000000,0.0000000000,0.0000000000
option1,2077,35834.1000000000,34188.2000000000,-1645.8500000000,746.7770000000,8.7708300000,-736.6660000000,885.7572000000,0.0000000000,-887.4600000000,1632.5342000000,-12.9578000000,-1645.8500000000,dynamic,0.0000000000,0.0000000000,0.0000000000,0.0000000000,0.0000000000,0.0000000000,0.0000000000,0.0000000000
option1,2078,39421.5000000000,37694.6000000000,-1726.9000000000,777.2050000000,-5.4613200000,-782.0300000000,919.4100000000,0.0000000000,-920.8840000000,1696.6150000000,-29.4496000000,-1726.9000000000,dynamic,0.0000000000,0.0000000000,0.0000000000,0.0000000000,0.0000000000,0.0000000000,0.0000000000,0.0000000000
option1,2079,43014.4000000000,41206.4000000000,-1808.0200000000,808.5430000000,-19.7219000000,-827.6360000000,962.8605000000,0.0000000000,-963.6350000000,1771.4035000000,-36.4683000000,-1808.0200000000,dynamic,0.0000000000,0.0000000000,0.0000000000,0.0000000000,0.0000000000,0.0000000000,0.0000000000,0.0000000000
option1,2080,45245.5000000000,43377.3000000000,-1868.1400000000,840.7970000000,-15.0321000000,-854.8830000000,999.7295000000,0.0000000000,-1000.6500000000,1840.5265000000,-27.6389000000,-1868.1400000000,dynamic,0.0000000000,0.0000000000,0.0000000000,0.0000000000,0.0000000000,0.0000000000,0.0000000000,0.0000000000
option1,2081,46964.2000000000,45024.9000000000,-1939.2800000000,873.8800000000,-14.9853000000,-887.3950000000,1038.0820000000,0.0000000000,-1038.4500000000,1911.9620000000,-28.4226000000,-1939.2800000000,dynamic,0.0000000000,0.0000000000,0.0000000000,0.0000000000,0.0000000000,0.0000000000,0.0000000000,0.0000000000
option1,2082,47814.2000000000,45790.5000000000,-2023.7400000000,907.9580000000,-24.7633000000,-931.2060000000,1078.1135000000,0.0000000000,-1075.9700000000,1986.0715000000,-41.3297000000,-2023.7400000000,dynamic,0.0000000000,0.0000000000,0.0000000000,0.0000000000,0.0000000000,0.0000000000,0.0000000000,0.0000000000
option1,2083,48748.8000000000,46598.7000000000,-2150.1100000000,943.0510000000,-74.6149000000,-1015.8000000000,1119.8815000000,0.0000000000,-1118.8500000000,2062.9325000000,-90.0776000000,-2150.1100000000,dynamic,0.0000000000,0.0000000000,0.0000000000,0.0000000000,0.0000000000,0.0000000000,0.0000000000,0.0000000000
option1,2084,50058.8000000000,47839.7000000000,-2219.0900000000,978.9650000000,-64.8772000000,-1041.4800000000,1163.3745000000,0.0000000000,-1163.4700000000,2142.3395000000,-79.0177000000,-2219.0900000000,dynamic,0.0000000000,0.0000000000,0.0000000000,0.0000000000,0.0000000000,0.0000000000,0.0000000000,0.0000000000
option1,2085,52607.7000000000,50321.0000000000,-2286.7800000000,1015.2090000000,-50.3839000000,-1063.0500000000,1208.6960000000,0.0000000000,-1208.7900000000,2223.9050000000,-65.3327000000,-2286.7800000000,dynamic,0.0000000000,0.0000000000,0.0000000000,0.0000000000,0.0000000000,0.0000000000,0.0000000000,0.0000000000
option1,2086,56289.6000000000,54013.2000000000,-2276.3600000000,1052.6740000000,-1.5059900000,-1052.1800000000,1245.0738000000,0.0000000000,-1244.9100000000,2297.7478000000,19.2259000000,-2276.3600000000,dynamic,0.0000000000,0.0000000000,0.0000000000,0.0000000000,0.0000000000,0.0000000000,0.0000000000,0.0000000000
option1,2087,58898.8000000000,56532.1000000000,-2366.7300000000,1090.7890000000,4.5350400000,-1084.1400000000,1293.9456000000,0.0000000000,-1293.5600000000,2384.7346000000,15.5034000000,-2366.7300000000,dynamic,0.0000000000,0.0000000000,0.0000000000,0.0000000000,0.0000000000,0.0000000000,0.0000000000,0.0000000000
option1,2088,59967.5000000000,57419.9000000000,-2547.6000000000,1130.0160000000,12.8110000000,-1114.3300000000,1344.8922000000,0.0000000000,-1343.6600000000,2474.9082000000,-76.7994000000,-2547.6000000000,dynamic,0.0000000000,0.0000000000,0.0000000000,0.0000000000,0.0000000000,0.0000000000,0.0000000000,0.0000000000
option1,2089,63290.6000000000,60612.5000000000,-2678.1500000000,1170.5710000000,2.1428700000,-1166.1600000000,1385.7077000000,0.0000000000,-1384.9400000000,2556.2787000000,-124.8990000000,-2678.1500000000,dynamic,0.0000000000,0.0000000000,0.0000000000,0.0000000000,0.0000000000,0.0000000000,0.0000000000,0.0000000000
option1,2090,66615.3000000000,63934.8000000000,-2680.5300000000,1212.5490000000,-0.7887300000,-1211.8800000000,1440.4901000000,0.0000000000,-1440.8400000000,2653.0391000000,-28.6060000000,-2680.5300000000,dynamic,0.0000000000,0.0000000000,0.0000000000,0.0000000000,0.0000000000,0.0000000000,0.0000000000,0.0000000000
option1,2091,69588.1000000000,66811.3000000000,-2776.8400000000,1256.2740000000,-4.3362000000,-1259.8500000000,1497.4534000000,0.0000000000,-1498.9600000000,2753.7274000000,-22.3624000000,-2776.8400000000,dynamic,0.0000000000,0.0000000000,0.0000000000,0.0000000000,0.0000000000,0.0000000000,0.0000000000,0.0000000000
option1,2092,72954.1000000000,70069.9000000000,-2884.1500000000,1302.1010000000,-15.1200000000,-1316.8000000000,1542.9568000000,0.0000000000,-1544.6200000000,2845.0578000000,-37.8427000000,-2884.1500000000,dynamic,0.0000000000,0.0000000000,0.0000000000,0.0000000000,0.0000000000,0.0000000000,0.0000000000,0.0000000000
option1,2093,76228.5000000000,73209.2000000000,-3019.3200000000,1350.0090000000,-43.6105000000,-1392.7000000000,1604.0080000000,0.0000000000,-1605.8200000000,2954.0170000000,-64.4071000000,-3019.3200000000,dynamic,0.0000000000,0.0000000000,0.0000000000,0.0000000000,0.0000000000,0.0000000000,0.0000000000,0.0000000000
option1,2094,79062.3000000000,75937.5000000000,-3124.8200000000,1400.3780000000,-36.0311000000,-1435.4500000000,1667.4112000000,0.0000000000,-1668.6700000000,3067.7892000000,-56.7302000000,-3124.8200000000,dynamic,0.0000000000,0.0000000000,0.0000000000,0.0000000000,0.0000000000,0.0000000000,0.0000000000,0.0000000000
option1,2095,81066.3000000000,77832.3000000000,-3233.9500000000,1453.6660000000,-28.6148000000,-1480.9700000000,1733.2448000000,0.0000000000,-1734.4800000000,3186.9108000000,-47.1138000000,-3233.9500000000,dynamic,0.0000000000,0.0000000000,0.0000000000,0.0000000000,0.0000000000,0.0000000000,0.0000000000,0.0000000000
option1,2096,85728.0000000000,82323.7000000000,-3404.2300000000,1509.4420000000,-76.0013000000,-1584.2700000000,1801.5760000000,0.0000000000,-1802.8000000000,3311.0180000000,-93.1679000000,-3404.2300000000,dynamic,0.0000000000,0.0000000000,0.0000000000,0.0000000000,0.0000000000,0.0000000000,0.0000000000,0.0000000000
option1,2097,91835.2000000000,88292.7000000000,-3542.5700000000,1567.8780000000,-101.9740000000,-1667.6800000000,1855.7535000000,0.0000000000,-1857.1700000000,3423.6315000000,-119.6950000000,-3542.5700000000,dynamic,0.0000000000,0.0000000000,0.0000000000,0.0000000000,0.0000000000,0.0000000000,0.0000000000,0.0000000000
option1,2098,97276.2000000000,93666.3000000000,-3609.8700000000,1629.4350000000,-30.7122000000,-1658.3000000000,1928.6250000000,0.0000000000,-1929.9600000000,3558.0600000000,-52.3228000000,-3609.8700000000,dynamic,0.0000000000,0.0000000000,0.0000000000,0.0000000000,0.0000000000,0.0000000000,0.0000000000,0.0000000000
option1,2099,99095.7000000000,95317.0000000000,-3778.7400000000,1694.1870000000,-39.5358000000,-1732.6700000000,2022.2384000000,0.0000000000,-2022.1600000000,3716.4254000000,-63.4369000000,-3778.7400000000,dynamic,0.0000000000,0.0000000000,0.0000000000,0.0000000000,0.0000000000,0.0000000000,0.0000000000,0.0000000000
option1,2100,100874.0000000000,96968.5000000000,-3905.8200000000,1761.5120000000,-13.8870000000,-1774.3900000000,2101.2768000000,0.0000000000,-2100.5300000000,3862.7888000000,-44.7897000000,-3905.8200000000,dynamic,0.0000000000,0.0000000000,0.0000000000,0.0000000000,0.0000000000,0.0000000000,0.0000000000,0.0000000000
option2,2026,2670.7200000000,2697.7100000000,26.9888000000,52.1990000000,73.3148000000,21.8186000000,76.7901000000,81.4293000000,5.1703500000,128.9891000000,154.7440000000,26.9888000000,dynamic,0.0000000000,0.0000000000,0.0000000000,0.0000000000,0.0000000000,0.0000000000,0.0000000000,0.0000000000
option2,2027,2853.9800000000,2879.1600000000,25.1793000000,60.5690000000,79.3178000000,20.0898000000,82.5517000000,87.3192000000,5.0896700000,143.1207000000,166.6370000000,25.1793000000,dynamic,0.0000000000,0.0000000000,0.0000000000,0.0000000000,0.0000000000,0.0000000000,0.0000000000,0.0000000000
option2,2028,3061.2600000000,3087.5600000000,26.2965000000,65.6350000000,85.1685000000,20.9521000000,88.7607000000,93.8397000000,5.3450100000,154.3957000000,179.0070000000,26.2965000000,dynamic,0.0000000000,0.0000000000,0.0000000000,0.0000000000,0.0000000000,0.0000000000,0.0000000000,0.0000000000
option2,2029,3301.6600000000,3339.1300000000,37.4756000000,70.7970000000,97.0781000000,27.0157000000,95.2200000000,105.2230000000,10.4612000000,166.0170000000,202.3000000000,37.4756000000,dynamic,0.0000000000,0.0000000000,0.0000000000,0.0000000000,0.0000000000,0.0000000000,0.0000000000,0.0000000000
option2,2030,3538.5600000000,3578.1100000000,39.5505000000,76.5940000000,105.4060000000,28.6629000000,103.2642000000,113.8180000000,10.8880000000,179.8582000000,219.2240000000,39.5505000000,dynamic,0.0000000000,0.0000000000,0.0000000000,0.0000000000,0.0000000000,0.0000000000,0.0000000000,0.0000000000
option2,2031,3756.8100000000,3797.6700000000,40.8623000000,83.0360000000,112.9640000000,29.7806000000,111.7638000000,122.3840000000,11.0820000000,194.7998000000,235.3470000000,40.8623000000,dynamic,0.0000000000,0.0000000000,0.0000000000,0.0000000000,0.0000000000,0.0000000000,0.0000000000,0.0000000000
option2,2032,4017.0200000000,4058.8900000000,41.8776000000,89.8820000000,120.6510000000,30.6143000000,120.7920000000,131.5540000000,11.2636000000,210.6740000000,252.2040000000,41.8776000000,dynamic,0.0000000000,0.0000000000,0.0000000000,0.0000000000,0.0000000000,0.0000000000,0.0000000000,0.0000000000
option2,2033,4256.8700000000,4298.7300000000,41.8604000000,97.0470000000,127.7840000000,30.5113000000,128.8882000000,139.7750000000,11.3494000000,225.9352000000,267.5580000000,41.8604000000,dynamic,0.0000000000,0.0000000000,0.0000000000,0.0000000000,0.0000000000,0.0000000000,0.0000000000,0.0000000000
option2,2034,4503.4000000000,4545.1300000000,41.7372000000,104.5210000000,135.3680000000,30.5989000000,138.7866000000,149.6000000000,11.1386000000,243.3076000000,284.9670000000,41.7372000000,dynamic,0.0000000000,0.0000000000,0.0000000000,0.0000000000,0.0000000000,0.0000000000,0.0000000000,0.0000000000
option2,2035,4733.3100000000,4774.7100000000,41.3944000000,111.6830000000,142.2620000000,30.2733000000,145.8450000000,156.8280000000,11.1214000000,257.5280000000,299.0890000000,41.3944000000,dynamic,0.0000000000,0.0000000000,0.0000000000,0.0000000000,0.0000000000,0.0000000000,0.0000000000,0.0000000000
option2,2036,4969.9300000000,5011.2400000000,41.3133000000,118.3400000000,148.6940000000,30.0034000000,153.1075000000,164.4540000000,11.3102000000,271.4475000000,313.1470000000,41.3133000000,dynamic,0.0000000000,0.0000000000,0.0000000000,0.0000000000,0.0000000000,0.0000000000,0.0000000000,0.0000000000
option2,2037,5195.1800000000,5236.9200000000,41.7423000000,124.9520000000,155.4380000000,30.1483000000,158.9315000000,170.7740000000,11.5943000000,283.8835000000,326.2110000000,41.7423000000,dynamic,0.0000000000,0.0000000000,0.0000000000,0.0000000000,0.0000000000,0.0000000000,0.0000000000,0.0000000000
option2,2038,5455.7500000000,5497.8800000000,42.1303000000,131.6650000000,162.2630000000,30.3208000000,166.8144000000,178.9480000000,11.8097000000,298.4794000000,341.2110000000,42.1303000000,dynamic,0.0000000000,0.0000000000,0.0000000000,0.0000000000,0.0000000000,0.0000000000,0.0000000000,0.0000000000
option2,2039,5708.8200000000,5752.3200000000,43.4968000000,138.4440000000,170.0690000000,31.4316000000,175.0167000000,187.5930000000,12.0655000000,313.4607000000,357.6630000000,43.4968000000,dynamic,0.0000000000,0.0000000000,0.0000000000,0.0000000000,0.0000000000,0.0000000000,0.0000000000,0.0000000000
option2,2040,5992.0100000000,6037.1800000000,45.1667000000,145.2740000000,178.2090000000,32.8932000000,183.6008000000,196.6410000000,12.2738000000,328.8748000000,374.8500000000,45.1667000000,dynamic,0.0000000000,0.0000000000,0.0000000000,0.0000000000,0.0000000000,0.0000000000,0.0000000000,0.0000000000
option2,2041,6271.7500000000,6316.2400000000,44.4976000000,152.1750000000,184.4750000000,32.2187000000,190.5286000000,203.5930000000,12.2793000000,342.7036000000,388.0680000000,44.4976000000,dynamic,0.0000000000,0.0000000000,0.0000000000,0.0000000000,0.0000000000,0.0000000000,0.0000000000,0.0000000000
option2,2042,6593.4300000000,6637.9600000000,44.5249000000,159.2090000000,191.4700000000,32.2735000000,197.7290000000,210.5920000000,12.2518000000,356.9380000000,402.0620000000,44.5249000000,dynamic,0.0000000000,0.0000000000,0.0000000000,0.0000000000,0.0000000000,0.0000000000,0.0000000000,0.0000000000
option2,2043,6887.1100000000,6932.0700000000,44.9647000000,166.4120000000,199.0920000000,32.7432000000,207.3660000000,219.9410000000,12.2219000000,373.7780000000,419.0330000000,44.9647000000,dynamic,0.0000000000,0.0000000000,0.0000000000,0.0000000000,0.0000000000,0.0000000000,0.0000000000,0.0000000000
option2,2044,7214.6900000000,7260.6300000000,45.9382000000,173.8540000000,207.3510000000,33.6959000000,215.2035000000,227.6380000000,12.2427000000,389.0575000000,434.9880000000,45.9382000000,dynamic,0.0000000000,0.0000000000,0.0000000000,0.0000000000,0.0000000000,0.0000000000,0.0000000000,0.0000000000
option2,2045,7534.1700000000,7583.3000000000,49.1267000000,181.5870000000,218.5640000000,37.3671000000,225.6672000000,237.2600000000,11.7600000000,407.2542000000,455.8240000000,49.1267000000,dynamic,0.0000000000,0.0000000000,0.0000000000,0.0000000000,0.0000000000,0.0000000000,0.0000000000,0.0000000000
option2,2046,7879.0100000000,7928.2100000000,49.2040000000,189.5550000000,226.8980000000,37.7184000000,234.1536000000,245.1780000000,11.4861000000,423.7086000000,472.0750000000,49.2040000000,dynamic,0.0000000000,0.0000000000,0.0000000000,0.0000000000,0.0000000000,0.0000000000,0.0000000000,0.0000000000
option2,2047,8226.8600000000,8276.9800000000,50.1243000000,197.8510000000,237.0470000000,39.4730000000,243.0048000000,252.7770000000,10.6518000000,440.8558000000,489.8240000000,50.1243000000,dynamic,0.0000000000,0.0000000000,0.0000000000,0.0000000000,0.0000000000,0.0000000000,0.0000000000,0.0000000000
option2,2048,8617.8000000000,8667.1900000000,49.3930000000,206.5860000000,245.8610000000,39.4264000000,254.8190000000,263.5180000000,9.9669800000,461.4050000000,509.3790000000,49.3930000000,dynamic,0.0000000000,0.0000000000,0.0000000000,0.0000000000,0.0000000000,0.0000000000,0.0000000000,0.0000000000
option2,2049,9012.1900000000,9059.5500000000,47.3668000000,215.7510000000,253.3720000000,37.7123000000,264.4511000000,272.5810000000,9.6549900000,480.2021000000,525.9530000000,47.3668000000,dynamic,0.0000000000,0.0000000000,0.0000000000,0.0000000000,0.0000000000,0.0000000000,0.0000000000,0.0000000000
option2,2050,9368.7500000000,9410.7600000000,42.0032000000,230.0260000000,263.1430000000,33.1748000000,277.3400000000,284.4980000000,8.8286100000,507.3660000000,547.6410000000,42.0032000000,dynamic,0.0000000000,0.0000000000,0.0000000000,0.0000000000,0.0000000000,0.0000000000,0.0000000000,0.0000000000
option2,2051,9754.0300000000,9794.9200000000,40.8868000000,240.2810000000,271.9740000000,31.7440000000,287.8848000000,295.4930000000,9.1473100000,528.1658000000,567.4620000000,40.8868000000,dynamic,0.0000000000,0.0000000000,0.0000000000,0.0000000000,0.0000000000,0.0000000000,0.0000000000,0.0000000000
option2,2052,10214.5000000000,10256.7000000000,42.1720000000,251.0780000000,283.5410000000,32.4903000000,301.8906000000,310.2280000000,9.6820300000,552.9686000000,593.7680000000,42.1720000000,dynamic,0.0000000000,0.0000000000,0.0000000000,0.0000000000,0.0000000000,0.0000000000,0.0000000000,0.0000000000
option2,2053,10749.8000000000,10794.7000000000,44.8986000000,262.5120000000,296.8960000000,34.3937000000,313.4439000000,322.7710000000,10.5053000000,575.9559000000,619.6660000000,44.8986000000,dynamic,0.0000000000,0.0000000000,0.0000000000,0.0000000000,0.0000000000,0.0000000000,0.0000000000,0.0000000000
option2,2054,12663.3000000000,12680.5000000000,17.2634000000,274.4690000000,274.3510000000,-0.1073050000,328.6900000000,347.0430000000,17.3710000000,603.1590000000,621.3930000000,17.2634000000,dynamic,0.0000000000,0.0000000000,0.0000000000,0.0000000000,0.0000000000,0.0000000000,0.0000000000,0.0000000000
option2,2055,13208.3000000000,13225.7000000000,17.4236000000,287.1610000000,287.3030000000,0.1477230000,344.6524000000,362.8640000000,17.2764000000,631.8134000000,650.1670000000,17.4236000000,dynamic,0.0000000000,0.0000000000,0.0000000000,0.0000000000,0.0000000000,0.0000000000,0.0000000000,0.0000000000
option2,2056,13833.7000000000,13847.8000000000,14.0401000000,300.5570000000,297.2920000000,-3.3961600000,357.8632000000,376.6140000000,17.4369000000,658.4202000000,673.9050000000,14.0401000000,dynamic,0.0000000000,0.0000000000,0.0000000000,0.0000000000,0.0000000000,0.0000000000,0.0000000000,0.0000000000
option2,2057,14476.1000000000,14490.6000000000,14.4920000000,314.6760000000,311.8310000000,-2.9251000000,375.2580000000,393.7600000000,17.4179000000,689.9340000000,705.5900000000,14.4920000000,dynamic,0.0000000000,0.0000000000,0.0000000000,0.0000000000,0.0000000000,0.0000000000,0.0000000000,0.0000000000
option2,2058,15009.9000000000,15026.1000000000,16.1821000000,329.5380000000,328.2220000000,-1.1605000000,393.4703000000,411.8870000000,17.3435000000,723.0083000000,740.1070000000,16.1821000000,dynamic,0.0000000000,0.0000000000,0.0000000000,0.0000000000,0.0000000000,0.0000000000,0.0000000000,0.0000000000
option2,2059,15849.9000000000,15868.2000000000,18.3110000000,344.9370000000,345.3170000000,0.7653680000,412.5680000000,431.3200000000,17.5476000000,757.5050000000,776.6350000000,18.3110000000,dynamic,0.0000000000,0.0000000000,0.0000000000,0.0000000000,0.0000000000,0.0000000000,0.0000000000,0.0000000000
option2,2060,16882.7000000000,16900.2000000000,17.4936000000,360.8930000000,360.0520000000,-0.3155040000,428.4384000000,447.5500000000,17.8095000000,789.3314000000,807.6020000000,17.4936000000,dynamic,0.0000000000,0.0000000000,0.0000000000,0.0000000000,0.0000000000,0.0000000000,0.0000000000,0.0000000000
option2,2061,17859.1000000000,17876.0000000000,16.8698000000,377.2930000000,376.1180000000,-0.6364370000,449.2110000000,467.9070000000,17.5067000000,826.5040000000,844.0250000000,16.8698000000,dynamic,0.0000000000,0.0000000000,0.0000000000,0.0000000000,0.0000000000,0.0000000000,0.0000000000,0.0000000000
option2,2062,18923.8000000000,18937.9000000000,14.0924000000,394.3990000000,391.5390000000,-2.6443600000,470.9474000000,488.9750000000,16.7372000000,865.3464000000,880.5140000000,14.0924000000,dynamic,0.0000000000,0.0000000000,0.0000000000,0.0000000000,0.0000000000,0.0000000000,0.0000000000,0.0000000000
option2,2063,19827.2000000000,19835.1000000000,7.8931100000,412.0590000000,403.7980000000,-8.1053800000,489.0416000000,505.9480000000,15.9990000000,901.1006000000,909.7460000000,7.8931100000,dynamic,0.0000000000,0.0000000000,0.0000000000,0.0000000000,0.0000000000,0.0000000000,0.0000000000,0.0000000000
option2,2064,20662.7000000000,20669.2000000000,6.4331400000,430.2720000000,421.0410000000,-9.1630400000,512.5514000000,528.2770000000,15.5967000000,942.8234000000,949.3170000000,6.4331400000,dynamic,0.0000000000,0.0000000000,0.0000000000,0.0000000000,0.0000000000,0.0000000000,0.0000000000,0.0000000000
option2,2065,21472.0000000000,21473.9000000000,1.8490500000,449.2870000000,435.1060000000,-13.6554000000,532.1431000000,547.4820000000,15.5051000000,981.4301000000,982.5870000000,1.8490500000,dynamic,0.0000000000,0.0000000000,0.0000000000,0.0000000000,0.0000000000,0.0000000000,0.0000000000,0.0000000000
option2,2066,22145.5000000000,22146.0000000000,0.5240530000,469.0500000000,454.1440000000,-14.7639000000,557.6148000000,570.9180000000,15.2885000000,1026.6648000000,1025.0600000000,0.5240520000,dynamic,0.0000000000,0.0000000000,0.0000000000,0.0000000000,0.0000000000,0.0000000000,0.0000000000,0.0000000000
option2,2067,23158.8000000000,23159.7000000000,0.9282430000,489.6560000000,475.7030000000,-13.9468000000,584.2182000000,592.4370000000,14.8757000000,1073.8742000000,1068.1400000000,0.9282430000,dynamic,0.0000000000,0.0000000000,0.0000000000,0.0000000000,0.0000000000,0.0000000000,0.0000000000,0.0000000000
option2,2068,24303.3000000000,24294.4000000000,-8.8744400000,511.1680000000,488.3190000000,-22.6144000000,606.4433000000,619.4850000000,13.7412000000,1117.6113000000,1107.8000000000,-8.8744400000,dynamic,0.0000000000,0.0000000000,0.0000000000,0.0000000000,0.0000000000,0.0000000000,0.0000000000,0.0000000000
option2,2069,25008.3000000000,24996.1000000000,-12.2468000000,533.5960000000,508.1490000000,-24.8104000000,635.2060000000,647.9050000000,12.5646000000,1168.8020000000,1156.0500000000,-12.2468000000,dynamic,0.0000000000,0.0000000000,0.0000000000,0.0000000000,0.0000000000,0.0000000000,0.0000000000,0.0000000000
option2,2070,26230.5000000000,26211.6000000000,-18.9818000000,556.9600000000,525.0230000000,-31.1014000000,659.2300000000,671.4680000000,12.1203000000,1216.1900000000,1196.4900000000,-18.9818000000,dynamic,0.0000000000,0.0000000000,0.0000000000,0.0000000000,0.0000000000,0.0000000000,0.0000000000,0.0000000000
option2,2071,27460.8000000000,27439.7000000000,-21.1068000000,581.1500000000,547.1300000000,-33.2306000000,690.3756000000,702.4930000000,12.1246000000,1271.5256000000,1249.6200000000,-21.1068000000,dynamic,0.0000000000,0.0000000000,0.0000000000,0.0000000000,0.0000000000,0.0000000000,0.0000000000,0.0000000000
option2,2072,28672.2000000000,28650.6000000000,-21.5829000000,606.2660000000,571.6930000000,-33.8273000000,722.8816000000,735.1080000000,12.2476000000,1329.1476000000,1306.8000000000,-21.5829000000,dynamic,0.0000000000,0.0000000000,0.0000000000,0.0000000000,0.0000000000,0.0000000000,0.0000000000,0.0000000000
option2,2073,30210.4000000000,30186.2000000000,-24.1170000000,632.6410000000,594.9140000000,-36.7848000000,750.1200000000,762.9240000000,12.6663000000,1382.7610000000,1357.8400000000,-24.1170000000,dynamic,0.0000000000,0.0000000000,0.0000000000,0.0000000000,0.0000000000,0.0000000000,0.0000000000,0.0000000000
option2,2074,31603.2000000000,31582.2000000000,-20.9962000000,659.8630000000,624.2220000000,-34.6293000000,785.3613000000,799.5660000000,13.6340000000,1445.2243000000,1423.7900000000,-20.9962000000,dynamic,0.0000000000,0.0000000000,0.0000000000,0.0000000000,0.0000000000,0.0000000000,0.0000000000,0.0000000000
option2,2075,32670.6000000000,32640.9000000000,-29.6649000000,688.1650000000,643.2070000000,-43.7788000000,815.0803000000,830.0210000000,14.1178000000,1503.2453000000,1473.2200000000,-29.6649000000,dynamic,0.0000000000,0.0000000000,0.0000000000,0.0000000000,0.0000000000,0.0000000000,0.0000000000,0.0000000000
option2,2076,33237.4000000000,33212.7000000000,-24.6882000000,717.0490000000,676.3360000000,-39.4380000000,853.4268000000,869.5490000000,14.8002000000,1570.4758000000,1545.8300000000,-24.6882000000,dynamic,0.0000000000,0.0000000000,0.0000000000,0.0000000000,0.0000000000,0.0000000000,0.0000000000,0.0000000000
option2,2077,35834.1000000000,35803.6000000000,-30.4626000000,746.7770000000,699.4180000000,-46.0189000000,885.7572000000,903.0170000000,15.5572000000,1632.5342000000,1602.4300000000,-30.4626000000,dynamic,0.0000000000,0.0000000000,0.0000000000,0.0000000000,0.0000000000,0.0000000000,0.0000000000,0.0000000000
option2,2078,39421.5000000000,39376.1000000000,-45.4123000000,777.2050000000,715.2580000000,-61.3115000000,919.4100000000,936.7850000000,15.9001000000,1696.6150000000,1652.0400000000,-45.4123000000,dynamic,0.0000000000,0.0000000000,0.0000000000,0.0000000000,0.0000000000,0.0000000000,0.0000000000,0.0000000000
option2,2079,43014.4000000000,42975.5000000000,-38.9196000000,808.5430000000,751.8840000000,-56.0305000000,962.8605000000,980.8040000000,17.1689000000,1771.4035000000,1732.6300000000,-38.9196000000,dynamic,0.0000000000,0.0000000000,0.0000000000,0.0000000000,0.0000000000,0.0000000000,0.0000000000,0.0000000000
option2,2080,45245.5000000000,45208.0000000000,-37.4615000000,840.7970000000,783.6350000000,-56.2157000000,999.7295000000,1019.4000000000,18.7562000000,1840.5265000000,1803.0400000000,-37.4615000000,dynamic,0.0000000000,0.0000000000,0.0000000000,0.0000000000,0.0000000000,0.0000000000,0.0000000000,0.0000000000
option2,2081,46964.2000000000,46923.2000000000,-41.0269000000,873.8800000000,811.5600000000,-60.8494000000,1038.0820000000,1058.3400000000,19.8898000000,1911.9620000000,1869.8300000000,-41.0269000000,dynamic,0.0000000000,0.0000000000,0.0000000000,0.0000000000,0.0000000000,0.0000000000,0.0000000000,0.0000000000
option2,2082,47814.2000000000,47763.8000000000,-50.4525000000,907.9580000000,835.4810000000,-70.9620000000,1078.1135000000,1096.4800000000,20.5105000000,1986.0715000000,1931.9600000000,-50.4525000000,dynamic,0.0000000000,0.0000000000,0.0000000000,0.0000000000,0.0000000000,0.0000000000,0.0000000000,0.0000000000
option2,2083,48748.8000000000,48697.1000000000,-51.6287000000,943.0510000000,867.5180000000,-73.6660000000,1119.8815000000,1140.8900000000,22.0383000000,2062.9325000000,2008.4100000000,-51.6287000000,dynamic,0.0000000000,0.0000000000,0.0000000000,0.0000000000,0.0000000000,0.0000000000,0.0000000000,0.0000000000
option2,2084,50058.8000000000,50007.9000000000,-50.8607000000,978.9650000000,901.1310000000,-75.4734000000,1163.3745000000,1188.0800000000,24.6136000000,2142.3395000000,2089.2100000000,-50.8607000000,dynamic,0.0000000000,0.0000000000,0.0000000000,0.0000000000,0.0000000000,0.0000000000,0.0000000000,0.0000000000
option2,2085,52607.7000000000,52561.1000000000,-46.6899000000,1015.2090000000,939.1640000000,-73.4987000000,1208.6960000000,1235.6000000000,26.8096000000,2223.9050000000,2174.7600000000,-46.6899000000,dynamic,0.0000000000,0.0000000000,0.0000000000,0.0000000000,0.0000000000,0.0000000000,0.0000000000,0.0000000000
option2,2086,56289.6000000000,56239.5000000000,-50.1133000000,1052.6740000000,970.3370000000,-80.3341000000,1245.0738000000,1275.1400000000,30.2216000000,2297.7478000000,2245.4700000000,-50.1133000000,dynamic,0.0000000000,0.0000000000,0.0000000000,0.0000000000,0.0000000000,0.0000000000,0.0000000000,0.0000000000
option2,2087,58898.8000000000,58851.5000000000,-47.3033000000,1090.7890000000,1008.1500000000,-80.5254000000,1293.9456000000,1326.7800000000,33.2229000000,2384.7346000000,2334.9300000000,-47.3033000000,dynamic,0.0000000000,0.0000000000,0.0000000000,0.0000000000,0.0000000000,0.0000000000,0.0000000000,0.0000000000
option2,2088,59967.5000000000,59918.8000000000,-48.7078000000,1130.0160000000,1043.9600000000,-83.1823000000,1344.8922000000,1378.1400000000,34.4815000000,2474.9082000000,2422.0900000000,-48.7078000000,dynamic,0.0000000000,0.0000000000,0.0000000000,0.0000000000,0.0000000000,0.0000000000,0.0000000000,0.0000000000
option2,2089,63290.6000000000,63227.2000000000,-63.4745000000,1170.5710000000,1069.4300000000,-98.8822000000,1385.7077000000,1420.3500000000,35.4084000000,2556.2787000000,2489.7700000000,-63.4745000000,dynamic,0.0000000000,0.0000000000,0.0000000000,0.0000000000,0.0000000000,0.0000000000,0.0000000000,0.0000000000
option2,2090,66615.3000000000,66550.7000000000,-64.5837000000,1212.5490000000,1109.0500000000,-102.0390000000,1440.4901000000,1478.2900000000,37.4562000000,2653.0391000000,2587.3400000000,-64.5837000000,dynamic,0.0000000000,0.0000000000,0.0000000000,0.0000000000,0.0000000000,0.0000000000,0.0000000000,0.0000000000
option2,2091,69588.1000000000,69521.9000000000,-66.2228000000,1256.2740000000,1150.1200000000,-105.3920000000,1497.4534000000,1538.1300000000,39.1704000000,2753.7274000000,2688.2600000000,-66.2228000000,dynamic,0.0000000000,0.0000000000,0.0000000000,0.0000000000,0.0000000000,0.0000000000,0.0000000000,0.0000000000
option2,2092,72954.1000000000,72864.9000000000,-89.1192000000,1302.1010000000,1172.8300000000,-128.8560000000,1542.9568000000,1584.3600000000,39.7387000000,2845.0578000000,2757.1800000000,-89.1192000000,dynamic,0.0000000000,0.0000000000,0.0000000000,0.0000000000,0.0000000000,0.0000000000,0.0000000000,0.0000000000
option2,2093,76228.5000000000,76138.0000000000,-90.5487000000,1350.0090000000,1217.5700000000,-131.5200000000,1604.0080000000,1646.8000000000,40.9798000000,2954.0170000000,2864.3600000000,-90.5487000000,dynamic,0.0000000000,0.0000000000,0.0000000000,0.0000000000,0.0000000000,0.0000000000,0.0000000000,0.0000000000
option2,2094,79062.3000000000,78976.5000000000,-85.8653000000,1400.3780000000,1269.1000000000,-130.3170000000,1667.4112000000,1713.1300000000,44.4638000000,3067.7892000000,2982.2200000000,-85.8653000000,dynamic,0.0000000000,0.0000000000,0.0000000000,0.0000000000,0.0000000000,0.0000000000,0.0000000000,0.0000000000
option2,2095,81066.3000000000,80981.9000000000,-84.3101000000,1453.6660000000,1322.3200000000,-130.0420000000,1733.2448000000,1780.2200000000,45.7345000000,3186.9108000000,3102.5300000000,-84.3101000000,dynamic,0.0000000000,0.0000000000,0.0000000000,0.0000000000,0.0000000000,0.0000000000,0.0000000000,0.0000000000
option2,2096,85728.0000000000,85640.7000000000,-87.2354000000,1509.4420000000,1376.0500000000,-132.2120000000,1801.5760000000,1847.7700000000,44.9773000000,3311.0180000000,3223.8300000000,-87.2354000000,dynamic,0.0000000000,0.0000000000,0.0000000000,0.0000000000,0.0000000000,0.0000000000,0.0000000000,0.0000000000
option2,2097,91835.2000000000,91722.7000000000,-112.5750000000,1567.8780000000,1407.7600000000,-157.9500000000,1855.7535000000,1902.5600000000,45.3861000000,3423.6315000000,3310.3000000000,-112.5750000000,dynamic,0.0000000000,0.0000000000,0.0000000000,0.0000000000,0.0000000000,0.0000000000,0.0000000000,0.0000000000
option2,2098,97276.2000000000,97176.6000000000,-99.5716000000,1629.4350000000,1478.9700000000,-148.6130000000,1928.6250000000,1979.0000000000,49.0448000000,3558.0600000000,3457.9700000000,-99.5716000000,dynamic,0.0000000000,0.0000000000,0.0000000000,0.0000000000,0.0000000000,0.0000000000,0.0000000000,0.0000000000
option2,2099,99095.7000000000,99026.2000000000,-69.4654000000,1694.1870000000,1570.8800000000,-122.2580000000,2022.2384000000,2075.3500000000,53.1890000000,3716.4254000000,3645.8300000000,-69.4654000000,dynamic,0.0000000000,0.0000000000,0.0000000000,0.0000000000,0.0000000000,0.0000000000,0.0000000000,0.0000000000
option2,2100,100874.0000000000,100808.0000000000,-66.2030000000,1761.5120000000,1635.9800000000,-124.5260000000,2101.2768000000,2159.2600000000,58.7302000000,3862.7888000000,3794.8300000000,-66.2030000000,dynamic,0.0000000000,0.0000000000,0.0000000000,0.0000000000,0.0000000000,0.0000000000,0.0000000000,0.0000000000
option3,2026,2670.7200000000,2697.7100000000,26.9888000000,52.1990000000,73.3148000000,21.8186000000,76.7901000000,81.4293000000,5.1703500000,128.9891000000,154.7440000000,26.9888000000,dynamic,0.0000000000,0.0000000000,0.0000000000,0.0000000000,0.0000000000,0.0000000000,0.0000000000,0.0000000000
option3,2027,2853.9800000000,2879.1600000000,25.1793000000,60.5690000000,79.3178000000,20.0898000000,82.5517000000,87.3192000000,5.0896700000,143.1207000000,166.6370000000,25.1793000000,dynamic,0.0000000000,0.0000000000,0.0000000000,0.0000000000,0.0000000000,0.0000000000,0.0000000000,0.0000000000
option3,2029,3301.6600000000,3300.1400000000,-1.5206600000,70.7970000000,89.9369000000,19.8745000000,95.2200000000,99.1768000000,4.4151300000,166.0170000000,188.8760000000,24.0523000000,dynamic,0.0000000000,0.0000000000,0.0000000000,0.0000000000,0.0000000000,0.0000000000,0.0000000000,0.0000000000
option3,2030,3538.5600000000,3538.6800000000,0.1170480000,76.5940000000,98.5974000000,21.8540000000,103.2642000000,107.3780000000,4.4481400000,179.8582000000,205.7230000000,26.0502000000,dynamic,0.0000000000,0.0000000000,0.0000000000,0.0000000000,0.0000000000,0.0000000000,0.0000000000,0.0000000000
option3,2031,3756.8100000000,3758.6300000000,1.8233700000,83.0360000000,106.4760000000,23.2935000000,111.7638000000,116.0330000000,4.7316800000,194.7998000000,222.2570000000,27.7722000000,dynamic,0.0000000000,0.0000000000,0.0000000000,0.0000000000,0.0000000000,0.0000000000,0.0000000000,0.0000000000
option3,2032,4017.0200000000,4020.1700000000,3.1493900000,89.8820000000,114.4830000000,24.4464000000,120.7920000000,125.1810000000,4.8905600000,210.6740000000,239.4120000000,29.0855000000,dynamic,0.0000000000,0.0000000000,0.0000000000,0.0000000000,0.0000000000,0.0000000000,0.0000000000,0.0000000000
option3,2033,4256.8700000000,4260.0900000000,3.2209100000,97.0470000000,121.8630000000,24.5909000000,128.8882000000,133.0290000000,4.6031100000,225.9352000000,254.6760000000,28.9780000000,dynamic,0.0000000000,0.0000000000,0.0000000000,0.0000000000,0.0000000000,0.0000000000,0.0000000000,0.0000000000
option3,2035,4733.3100000000,4736.3600000000,3.0460800000,111.6830000000,137.1730000000,25.1844000000,145.8450000000,149.4150000000,3.7082800000,257.5280000000,286.3710000000,28.6760000000,dynamic,0.0000000000,0.0000000000,0.0000000000,0.0000000000,0.0000000000,0.0000000000,0.0000000000,0.0000000000
option3,2036,4969.9300000000,4973.3600000000,3.4269500000,118.3400000000,144.0630000000,25.3727000000,153.1075000000,156.8750000000,3.7311000000,271.4475000000,300.8210000000,28.9874000000,dynamic,0.0000000000,0.0000000000,0.0000000000,0.0000000000,0.0000000000,0.0000000000,0.0000000000,0.0000000000
option3,2037,5195.1800000000,5199.6700000000,4.4904100000,124.9520000000,150.9430000000,25.6527000000,158.9315000000,163.3130000000,4.1334700000,283.8835000000,314.1250000000,29.6556000000,dynamic,0.0000000000,0.0000000000,0.0000000000,0.0000000000,0.0000000000,0.0000000000,0.0000000000,0.0000000000
option3,2038,5455.7500000000,5461.7900000000,6.0464700000,131.6650000000,158.1410000000,26.1982000000,166.8144000000,171.9680000000,4.8294700000,298.4794000000,330.0120000000,30.9313000000,dynamic,0.0000000000,0.0000000000,0.0000000000,0.0000000000,0.0000000000,0.0000000000,0.0000000000,0.0000000000
option3,2039,5708.8200000000,5717.0900000000,8.2701600000,138.4440000000,165.9200000000,27.2818000000,175.0167000000,181.1850000000,5.6566900000,313.4607000000,346.9910000000,32.8253000000,dynamic,0.0000000000,0.0000000000,0.0000000000,0.0000000000,0.0000000000,0.0000000000,0.0000000000,0.0000000000
option3,2040,5992.0100000000,6002.9600000000,10.9498000000,145.2740000000,174.1060000000,28.7897000000,183.6008000000,190.8150000000,6.4476900000,328.8748000000,364.8090000000,35.1256000000,dynamic,0.0000000000,0.0000000000,0.0000000000,0.0000000000,0.0000000000,0.0000000000,0.0000000000,0.0000000000
option3,2041,6271.7500000000,6282.6200000000,10.8713000000,152.1750000000,180.2790000000,28.0222000000,190.5286000000,198.2820000000,6.9687100000,342.7036000000,378.4740000000,34.9040000000,dynamic,0.0000000000,0.0000000000,0.0000000000,0.0000000000,0.0000000000,0.0000000000,0.0000000000,0.0000000000
option3,2042,6593.4300000000,6604.4100000000,10.9777000000,159.2090000000,186.8480000000,27.6519000000,197.7290000000,205.6570000000,7.3165600000,356.9380000000,392.4230000000,34.8863000000,dynamic,0.0000000000,0.0000000000,0.0000000000,0.0000000000,0.0000000000,0.0000000000,0.0000000000,0.0000000000
option3,2043,6887.1100000000,6898.8100000000,11.6999000000,166.4120000000,194.0910000000,27.7420000000,207.3660000000,215.4350000000,7.7158900000,373.7780000000,409.4430000000,35.3749000000,dynamic,0.0000000000,0.0000000000,0.0000000000,0.0000000000,0.0000000000,0.0000000000,0.0000000000,0.0000000000
option3,2045,7534.1700000000,7549.7500000000,15.5773000000,181.5870000000,213.4400000000,32.2426000000,225.6672000000,231.9690000000,6.4693900000,407.2542000000,445.3310000000,38.6341000000,dynamic,0.0000000000,0.0000000000,0.0000000000,0.0000000000,0.0000000000,0.0000000000,0.0000000000,0.0000000000
option3,2046,7879.0100000000,7893.7600000000,14.7504000000,189.5550000000,221.5500000000,32.3709000000,234.1536000000,239.1360000000,5.4436100000,423.7086000000,460.6130000000,37.7421000000,dynamic,0.0000000000,0.0000000000,0.0000000000,0.0000000000,0.0000000000,0.0000000000,0.0000000000,0.0000000000
option3,2048,8617.8000000000,8631.1700000000,13.3656000000,206.5860000000,242.5530000000,36.1182000000,254.8190000000,255.9350000000,2.3833100000,461.4050000000,498.4130000000,38.4270000000,dynamic,0.0000000000,0.0000000000,0.0000000000,0.0000000000,0.0000000000,0.0000000000,0.0000000000,0.0000000000
option3,2049,9012.1900000000,9023.5000000000,11.3182000000,215.7510000000,251.3350000000,35.6749000000,264.4511000000,265.2760000000,2.3501500000,480.2021000000,516.5750000000,37.9894000000,dynamic,0.0000000000,0.0000000000,0.0000000000,0.0000000000,0.0000000000,0.0000000000,0.0000000000,0.0000000000
option3,2050,9368.7500000000,9374.9100000000,6.1550200000,230.0260000000,262.7900000000,32.8210000000,277.3400000000,278.0380000000,2.3691200000,507.3660000000,540.7980000000,35.1601000000,dynamic,0.0000000000,0.0000000000,0.0000000000,0.0000000000,0.0000000000,0.0000000000,0.0000000000,0.0000000000
option3,2051,9754.0300000000,9760.2300000000,6.2021400000,240.2810000000,272.5630000000,32.3332000000,287.8848000000,290.5700000000,4.2241300000,528.1658000000,563.1020000000,36.5267000000,dynamic,0.0000000000,0.0000000000,0.0000000000,0.0000000000,0.0000000000,0.0000000000,0.0000000000,0.0000000000
option3,2052,10214.5000000000,10223.3000000000,8.7347000000,251.0780000000,283.7000000000,32.6497000000,301.8906000000,306.6790000000,6.1336400000,552.9686000000,590.3890000000,38.7931000000,dynamic,0.0000000000,0.0000000000,0.0000000000,0.0000000000,0.0000000000,0.0000000000,0.0000000000,0.0000000000
option3,2053,10749.8000000000,10762.7000000000,12.9570000000,262.5120000000,296.8060000000,34.3046000000,313.4439000000,320.2220000000,7.9570400000,575.9559000000,617.0090000000,42.2416000000,dynamic,0.0000000000,0.0000000000,0.0000000000,0.0000000000,0.0000000000,0.0000000000,0.0000000000,0.0000000000
option3,2054,12663.3000000000,12669.0000000000,5.7337000000,274.4690000000,265.3920000000,-9.0658700000,328.6900000000,362.7470000000,33.0745000000,603.1590000000,628.1350000000,24.0049000000,dynamic,0.0000000000,0.0000000000,0.0000000000,0.0000000000,0.0000000000,0.0000000000,0.0000000000,0.0000000000
option3,2055,13208.3000000000,13215.2000000000,6.9124100000,287.1610000000,278.3840000000,-8.7719100000,344.6524000000,379.3480000000,33.7604000000,631.8134000000,657.7360000000,24.9928000000,dynamic,0.0000000000,0.0000000000,0.0000000000,0.0000000000,0.0000000000,0.0000000000,0.0000000000,0.0000000000
option3,2056,13833.7000000000,13838.8000000000,5.1026800000,300.5570000000,287.5370000000,-13.1506000000,357.8632000000,395.1060000000,35.9293000000,658.4202000000,682.7090000000,22.8445000000,dynamic,0.0000000000,0.0000000000,0.0000000000,0.0000000000,0.0000000000,0.0000000000,0.0000000000,0.0000000000
option3,2057,14476.1000000000,14480.8000000000,4.7032000000,314.6760000000,300.1070000000,-14.6491000000,375.2580000000,413.0880000000,36.7460000000,689.9340000000,713.1790000000,22.0807000000,dynamic,0.0000000000,0.0000000000,0.0000000000,0.0000000000,0.0000000000,0.0000000000,0.0000000000,0.0000000000
option3,2058,15009.9000000000,15016.0000000000,6.1716400000,329.5380000000,315.2760000000,-14.1068000000,393.4703000000,431.5850000000,37.0418000000,723.0083000000,746.8480000000,22.9222000000,dynamic,0.0000000000,0.0000000000,0.0000000000,0.0000000000,0.0000000000,0.0000000000,0.0000000000,0.0000000000
option3,2059,15849.9000000000,15858.8000000000,8.8727300000,344.9370000000,332.2400000000,-12.3117000000,412.5680000000,451.2260000000,37.4537000000,757.5050000000,783.4550000000,25.1318000000,dynamic,0.0000000000,0.0000000000,0.0000000000,0.0000000000,0.0000000000,0.0000000000,0.0000000000,0.0000000000
option3,2060,16882.7000000000,16891.9000000000,9.1496300000,360.8930000000,345.9150000000,-14.4531000000,428.4384000000,468.8370000000,39.0963000000,789.3314000000,814.7480000000,24.6401000000,dynamic,0.0000000000,0.0000000000,0.0000000000,0.0000000000,0.0000000000,0.0000000000,0.0000000000,0.0000000000
option3,2061,17859.1000000000,17866.6000000000,7.5076100000,377.2930000000,359.5120000000,-17.2419000000,449.2110000000,489.6520000000,39.2518000000,826.5040000000,849.1840000000,22.0290000000,dynamic,0.0000000000,0.0000000000,0.0000000000,0.0000000000,0.0000000000,0.0000000000,0.0000000000,0.0000000000
option3,2062,18923.8000000000,18928.2000000000,4.3332600000,394.3990000000,373.7670000000,-20.4166000000,470.9474000000,511.2390000000,39.0013000000,865.3464000000,885.0010000000,18.5800000000,dynamic,0.0000000000,0.0000000000,0.0000000000,0.0000000000,0.0000000000,0.0000000000,0.0000000000,0.0000000000
option3,2063,19827.2000000000,19827.1000000000,-0.0816498000,412.0590000000,387.3780000000,-24.5252000000,489.0416000000,528.7220000000,38.7726000000,901.1006000000,916.0960000000,14.2433000000,dynamic,0.0000000000,0.0000000000,0.0000000000,0.0000000000,0.0000000000,0.0000000000,0.0000000000,0.0000000000
option3,2064,20662.7000000000,20660.3000000000,-2.4622900000,430.2720000000,403.5670000000,-26.6372000000,512.5514000000,550.3150000000,37.6354000000,942.8234000000,953.9160000000,11.0315000000,dynamic,0.0000000000,0.0000000000,0.0000000000,0.0000000000,0.0000000000,0.0000000000,0.0000000000,0.0000000000
option3,2066,22145.5000000000,22137.1000000000,-8.3073600000,469.0500000000,435.4720000000,-33.4355000000,557.6148000000,592.9760000000,37.3465000000,1026.6648000000,1028.5100000000,3.9710600000,dynamic,0.0000000000,0.0000000000,0.0000000000,0.0000000000,0.0000000000,0.0000000000,0.0000000000,0.0000000000
option3,2067,23158.8000000000,23150.6000000000,-8.2071000000,489.6560000000,457.9180000000,-31.7315000000,584.2182000000,613.6340000000,36.0726000000,1073.8742000000,1071.5900000000,4.3806800000,dynamic,0.0000000000,0.0000000000,0.0000000000,0.0000000000,0.0000000000,0.0000000000,0.0000000000,0.0000000000
option3,2068,24303.3000000000,24285.0000000000,-18.2678000000,511.1680000000,468.8700000000,-42.0637000000,606.4433000000,641.4060000000,35.6624000000,1117.6113000000,1110.3200000000,-6.3621400000,dynamic,0.0000000000,0.0000000000,0.0000000000,0.0000000000,0.0000000000,0.0000000000,0.0000000000,0.0000000000
option3,2069,25008.3000000000,24985.8000000000,-22.4881000000,533.5960000000,489.6500000000,-43.3096000000,635.2060000000,668.9160000000,33.5750000000,1168.8020000000,1158.6100000000,-9.6918800000,dynamic,0.0000000000,0.0000000000,0.0000000000,0.0000000000,0.0000000000,0.0000000000,0.0000000000,0.0000000000
option3,2071,27460.8000000000,27427.8000000000,-32.9909000000,581.1500000000,526.7790000000,-53.5810000000,690.3756000000,722.3960000000,32.0282000000,1271.5256000000,1249.2100000000,-21.5197000000,dynamic,0.0000000000,0.0000000000,0.0000000000,0.0000000000,0.0000000000,0.0000000000,0.0000000000,0.0000000000
option3,2072,28672.2000000000,28637.6000000000,-34.6038000000,606.2660000000,550.5970000000,-54.9225000000,722.8816000000,753.9180000000,31.0579000000,1329.1476000000,1304.5500000000,-23.8346000000,dynamic,0.0000000000,0.0000000000,0.0000000000,0.0000000000,0.0000000000,0.0000000000,0.0000000000,0.0000000000
option3,2073,30210.4000000000,30172.2000000000,-38.1690000000,632.6410000000,572.6530000000,-59.0457000000,750.1200000000,780.9690000000,30.7111000000,1382.7610000000,1353.6600000000,-28.2964000000,dynamic,0.0000000000,0.0000000000,0.0000000000,0.0000000000,0.0000000000,0.0000000000,0.0000000000,0.0000000000
option3,2074,31603.2000000000,31566.8000000000,-36.4175000000,659.8630000000,601.7950000000,-57.0566000000,785.3613000000,816.8580000000,30.9261000000,1445.2243000000,1418.6900000000,-26.0940000000,dynamic,0.0000000000,0.0000000000,0.0000000000,0.0000000000,0.0000000000,0.0000000000,0.0000000000,0.0000000000
option3,2075,32670.6000000000,32624.3000000000,-46.2244000000,688.1650000000,620.1340000000,-66.8520000000,815.0803000000,848.0300000000,32.1273000000,1503.2453000000,1468.2000000000,-34.6875000000,dynamic,0.0000000000,0.0000000000,0.0000000000,0.0000000000,0.0000000000,0.0000000000,0.0000000000,0.0000000000
option3,2076,33237.4000000000,33194.8000000000,-42.5351000000,717.0490000000,654.3160000000,-61.4586000000,853.4268000000,887.0940000000,32.3450000000,1570.4758000000,1541.3900000000,-29.1302000000,dynamic,0.0000000000,0.0000000000,0.0000000000,0.0000000000,0.0000000000,0.0000000000,0.0000000000,0.0000000000
option3,2077,35834.1000000000,35785.0000000000,-49.1006000000,746.7770000000,676.3080000000,-69.1292000000,885.7572000000,921.5070000000,34.0470000000,1632.5342000000,1597.8600000000,-35.0415000000,dynamic,0.0000000000,0.0000000000,0.0000000000,0.0000000000,0.0000000000,0.0000000000,0.0000000000,0.0000000000
option3,2078,39421.5000000000,39356.8000000000,-64.6816000000,777.2050000000,691.0990000000,-85.4706000000,919.4100000000,957.1680000000,36.2837000000,1696.6150000000,1648.3100000000,-49.1463000000,dynamic,0.0000000000,0.0000000000,0.0000000000,0.0000000000,0.0000000000,0.0000000000,0.0000000000,0.0000000000
option3,2079,43014.4000000000,42955.9000000000,-58.4888000000,808.5430000000,729.5040000000,-78.4103000000,962.8605000000,1000.1300000000,36.4936000000,1771.4035000000,1729.5900000000,-41.9544000000,dynamic,0.0000000000,0.0000000000,0.0000000000,0.0000000000,0.0000000000,0.0000000000,0.0000000000,0.0000000000
option3,2080,45245.5000000000,45187.9000000000,-57.5278000000,840.7970000000,760.9050000000,-78.9456000000,999.7295000000,1038.8400000000,38.1891000000,1840.5265000000,1799.7700000000,-40.7288000000,dynamic,0.0000000000,0.0000000000,0.0000000000,0.0000000000,0.0000000000,0.0000000000,0.0000000000,0.0000000000
option3,2081,46964.2000000000,46902.8000000000,-61.3584000000,873.8800000000,787.9360000000,-84.4739000000,1038.0820000000,1078.4800000000,40.0267000000,1911.9620000000,1866.3900000000,-44.4681000000,dynamic,0.0000000000,0.0000000000,0.0000000000,0.0000000000,0.0000000000,0.0000000000,0.0000000000,0.0000000000
option3,2082,47814.2000000000,47743.1000000000,-71.1358000000,907.9580000000,810.9350000000,-95.5075000000,1078.1135000000,1116.9300000000,40.9672000000,1986.0715000000,1927.9700000000,-54.4443000000,dynamic,0.0000000000,0.0000000000,0.0000000000,0.0000000000,0.0000000000,0.0000000000,0.0000000000,0.0000000000
option3,2083,48748.8000000000,48676.4000000000,-72.3993000000,943.0510000000,843.4840000000,-97.7007000000,1119.8815000000,1160.2000000000,41.3441000000,2062.9325000000,2003.7400000000,-56.2938000000,dynamic,0.0000000000,0.0000000000,0.0000000000,0.0000000000,0.0000000000,0.0000000000,0.0000000000,0.0000000000
option3,2084,50058.8000000000,49987.2000000000,-71.6161000000,978.9650000000,877.4000000000,-99.2038000000,1163.3745000000,1206.0700000000,42.6079000000,2142.3395000000,2083.5500000000,-56.5223000000,dynamic,0.0000000000,0.0000000000,0.0000000000,0.0000000000,0.0000000000,0.0000000000,0.0000000000,0.0000000000
option3,2087,58898.8000000000,58829.0000000000,-69.7939000000,1090.7890000000,983.5870000000,-105.0910000000,1293.9456000000,1344.0000000000,50.4366000000,2384.7346000000,2327.6600000000,-54.5736000000,dynamic,0.0000000000,0.0000000000,0.0000000000,0.0000000000,0.0000000000,0.0000000000,0.0000000000,0.0000000000
option3,2088,59967.5000000000,59896.2000000000,-71.2723000000,1130.0160000000,1020.9300000000,-106.2080000000,1344.8922000000,1393.5600000000,49.9035000000,2474.9082000000,2414.5500000000,-56.2504000000,dynamic,0.0000000000,0.0000000000,0.0000000000,0.0000000000,0.0000000000,0.0000000000,0.0000000000,0.0000000000
option3,2089,63290.6000000000,63204.2000000000,-86.4105000000,1170.5710000000,1045.4600000000,-122.8520000000,1385.7077000000,1435.5700000000,50.6278000000,2556.2787000000,2481.1000000000,-72.1450000000,dynamic,0.0000000000,0.0000000000,0.0000000000,0.0000000000,0.0000000000,0.0000000000,0.0000000000,0.0000000000
option3,2090,66615.3000000000,66527.6000000000,-87.6912000000,1212.5490000000,1084.4300000000,-126.6640000000,1440.4901000000,1493.2800000000,52.4438000000,2653.0391000000,2577.8000000000,-74.1289000000,dynamic,0.0000000000,0.0000000000,0.0000000000,0.0000000000,0.0000000000,0.0000000000,0.0000000000,0.0000000000
option3,2091,69588.1000000000,69498.8000000000,-89.3448000000,1256.2740000000,1125.5100000000,-130.0010000000,1497.4534000000,1553.3000000000,54.3365000000,2753.7274000000,2678.9200000000,-75.5628000000,dynamic,0.0000000000,0.0000000000,0.0000000000,0.0000000000,0.0000000000,0.0000000000,0.0000000000,0.0000000000
option3,2092,72954.1000000000,72841.3000000000,-112.7280000000,1302.1010000000,1147.8900000000,-153.7930000000,1542.9568000000,1600.2900000000,55.6658000000,2845.0578000000,2747.9800000000,-98.3251000000,dynamic,0.0000000000,0.0000000000,0.0000000000,0.0000000000,0.0000000000,0.0000000000,0.0000000000,0.0000000000
option3,2093,76228.5000000000,76115.1000000000,-113.4640000000,1350.0090000000,1194.0000000000,-155.0900000000,1604.0080000000,1661.7900000000,55.9726000000,2954.0170000000,2855.8800000000,-99.0305000000,dynamic,0.0000000000,0.0000000000,0.0000000000,0.0000000000,0.0000000000,0.0000000000,0.0000000000,0.0000000000
option3,2095,81066.3000000000,80959.2000000000,-107.0990000000,1453.6660000000,1300.4900000000,-151.8710000000,1733.2448000000,1793.5100000000,59.0254000000,3186.9108000000,3094.0200000000,-92.8199000000,dynamic,0.0000000000,0.0000000000,0.0000000000,0.0000000000,0.0000000000,0.0000000000,0.0000000000,0.0000000000
option3,2096,85728.0000000000,85618.7000000000,-109.2820000000,1509.4420000000,1355.2100000000,-153.0540000000,1801.5760000000,1859.9200000000,57.1255000000,3311.0180000000,3215.1500000000,-95.9166000000,dynamic,0.0000000000,0.0000000000,0.0000000000,0.0000000000,0.0000000000,0.0000000000,0.0000000000,0.0000000000
option3,2097,91835.2000000000,91701.0000000000,-134.2300000000,1567.8780000000,1387.9000000000,-177.8040000000,1855.7535000000,1913.4200000000,56.2514000000,3423.6315000000,3301.3400000000,-121.5400000000,dynamic,0.0000000000,0.0000000000,0.0000000000,0.0000000000,0.0000000000,0.0000000000,0.0000000000,0.0000000000
option3,2098,97276.2000000000,97155.1000000000,-121.0990000000,1629.4350000000,1459.8900000000,-167.6940000000,1928.6250000000,1988.1500000000,58.1883000000,3558.0600000000,3448.0400000000,-109.5010000000,dynamic,0.0000000000,0.0000000000,0.0000000000,0.0000000000,0.0000000000,0.0000000000,0.0000000000,0.0000000000
option3,2099,99095.7000000000,99005.2000000000,-90.5423000000,1694.1870000000,1553.0900000000,-140.0500000000,2022.2384000000,2082.2500000000,60.0821000000,3716.4254000000,3634.9500000000,-80.3540000000,dynamic,0.0000000000,0.0000000000,0.0000000000,0.0000000000,0.0000000000,0.0000000000,0.0000000000,0.0000000000
option3,2100,100874.0000000000,100808.0000000000,-66.2030000000,1761.5120000000,1635.9800000000,-124.5260000000,2101.2768000000,2159.2600000000,58.7302000000,3862.7888000000,3794.8300000000,-66.2030000000,dynamic,0.0000000000,0.0000000000,0.0000000000,0.0000000000,0.0000000000,0.0000000000,0.0000000000,0.0000000000
option4,2026,2670.7200000000,2707.6200000000,36.9063000000,52.1990000000,74.7043000000,23.2081000000,76.7901000000,65.5414000000,-10.7176000000,128.9891000000,140.2030000000,12.4481000000,dynamic,0.0000000000,0.0000000000,0.0000000000,0.0000000000,0.0000000000,0.0000000000,0.0000000000,0.0000000000
option4,2027,2853.9800000000,2889.1700000000,35.1929000000,60.5690000000,80.8868000000,21.6587000000,82.5517000000,70.9976000000,-11.2320000000,143.1207000000,151.8450000000,10.3873000000,dynamic,0.0000000000,0.0000000000,0.0000000000,0.0000000000,0.0000000000,0.0000000000,0.0000000000,0.0000000000
option3,2070,26230.5000000000,26200.5000000000,-30.0072000000,556.9600000000,505.4500000000,-50.6752000000,659.2300000000,692.2360000000,32.8890000000,1216.1900000000,1197.7100000000,-17.7581000000,dynamic,0.0000000000,0.0000000000,0.0000000000,0.0000000000,0.0000000000,0.0000000000,0.0000000000,0.0000000000
option3,2086,56289.6000000000,56217.8000000000,-71.7487000000,1052.6740000000,946.0240000000,-104.6470000000,1245.0738000000,1292.5900000000,47.6714000000,2297.7478000000,2238.6900000000,-56.8919000000,dynamic,0.0000000000,0.0000000000,0.0000000000,0.0000000000,0.0000000000,0.0000000000,0.0000000000,0.0000000000
option3,2044,7214.6900000000,7227.8100000000,13.1165000000,173.8540000000,202.1780000000,28.5231000000,215.2035000000,223.4050000000,8.0095800000,389.0575000000,425.5080000000,36.4577000000,dynamic,0.0000000000,0.0000000000,0.0000000000,0.0000000000,0.0000000000,0.0000000000,0.0000000000,0.0000000000
option3,2094,79062.3000000000,78953.1000000000,-109.2020000000,1400.3780000000,1245.7900000000,-153.6300000000,1667.4112000000,1727.6600000000,58.9954000000,3067.7892000000,2973.5200000000,-94.5703000000,dynamic,0.0000000000,0.0000000000,0.0000000000,0.0000000000,0.0000000000,0.0000000000,0.0000000000,0.0000000000
option3,2047,8226.8600000000,8241.2400000000,14.3844000000,197.8510000000,232.2090000000,34.6347000000,243.0048000000,245.8020000000,3.6765700000,440.8558000000,477.9340000000,38.2340000000,dynamic,0.0000000000,0.0000000000,0.0000000000,0.0000000000,0.0000000000,0.0000000000,0.0000000000,0.0000000000
option3,2034,4503.4000000000,4506.7600000000,3.3650100000,104.5210000000,130.1570000000,25.3881000000,138.7866000000,142.5490000000,4.0879700000,243.3076000000,272.4850000000,29.2552000000,dynamic,0.0000000000,0.0000000000,0.0000000000,0.0000000000,0.0000000000,0.0000000000,0.0000000000,0.0000000000
option3,2085,52607.7000000000,52540.0000000000,-67.7787000000,1015.2090000000,915.6910000000,-96.9717000000,1208.6960000000,1252.3400000000,43.5499000000,2223.9050000000,2168.1100000000,-53.3442000000,dynamic,0.0000000000,0.0000000000,0.0000000000,0.0000000000,0.0000000000,0.0000000000,0.0000000000,0.0000000000
option3,2065,21472.0000000000,21465.3000000000,-6.7412800000,449.2870000000,416.4780000000,-32.2831000000,532.1431000000,570.3360000000,38.3592000000,981.4301000000,986.8250000000,6.0866100000,dynamic,0.0000000000,0.0000000000,0.0000000000,0.0000000000,0.0000000000,0.0000000000,0.0000000000,0.0000000000
option3,2028,3061.2600000000,3087.5600000000,26.2965000000,65.6350000000,85.1685000000,20.9521000000,88.7607000000,93.8397000000,5.3450100000,154.3957000000,179.0070000000,26.2965000000,dynamic,0.0000000000,0.0000000000,0.0000000000,0.0000000000,0.0000000000,0.0000000000,0.0000000000,0.0000000000
option4,2032,4017.0200000000,4027.4500000000,10.4386000000,89.8820000000,116.2090000000,26.1719000000,120.7920000000,104.5720000000,-15.7181000000,210.6740000000,220.7650000000,10.4386000000,0,0.0000000000,0.0000000000,0.0000000000,0.0000000000,0.0000000000,0.0000000000,0.0000000000,0.0000000000
option4,2075,32670.6000000000,32640.9000000000,-29.6649000000,688.1650000000,643.2070000000,-43.7788000000,815.0803000000,830.0210000000,14.1178000000,1503.2453000000,1473.2200000000,-29.6649000000,0,0.0000000000,0.0000000000,0.0000000000,0.0000000000,0.0000000000,0.0000000000,0.0000000000,0.0000000000
option4,2095,81066.3000000000,80981.9000000000,-84.3101000000,1453.6660000000,1322.3200000000,-130.0420000000,1733.2448000000,1780.2200000000,45.7345000000,3186.9108000000,3102.5300000000,-84.3101000000,0,0.0000000000,0.0000000000,0.0000000000,0.0000000000,0.0000000000,0.0000000000,0.0000000000,0.0000000000
option4,2083,48748.8000000000,48697.1000000000,-51.6287000000,943.0510000000,867.5180000000,-73.6660000000,1119.8815000000,1140.8900000000,22.0383000000,2062.9325000000,2008.4100000000,-51.6287000000,0,0.0000000000,0.0000000000,0.0000000000,0.0000000000,0.0000000000,0.0000000000,0.0000000000,0.0000000000
option4,2063,19827.2000000000,19835.1000000000,7.8931100000,412.0590000000,403.7980000000,-8.1053800000,489.0416000000,505.9480000000,15.9990000000,901.1006000000,909.7460000000,7.8931100000,0,0.0000000000,0.0000000000,0.0000000000,0.0000000000,0.0000000000,0.0000000000,0.0000000000,0.0000000000
option4,2059,15849.9000000000,15868.2000000000,18.3110000000,344.9370000000,345.3170000000,0.7653680000,412.5680000000,431.3200000000,17.5476000000,757.5050000000,776.6350000000,18.3110000000,0,0.0000000000,0.0000000000,0.0000000000,0.0000000000,0.0000000000,0.0000000000,0.0000000000,0.0000000000
option4,2070,26230.5000000000,26211.6000000000,-18.9818000000,556.9600000000,525.0230000000,-31.1014000000,659.2300000000,671.4680000000,12.1203000000,1216.1900000000,1196.4900000000,-18.9818000000,0,0.0000000000,0.0000000000,0.0000000000,0.0000000000,0.0000000000,0.0000000000,0.0000000000,0.0000000000
option4,2090,66615.3000000000,66550.7000000000,-64.5837000000,1212.5490000000,1109.0500000000,-102.0390000000,1440.4901000000,1478.2900000000,37.4562000000,2653.0391000000,2587.3400000000,-64.5837000000,0,0.0000000000,0.0000000000,0.0000000000,0.0000000000,0.0000000000,0.0000000000,0.0000000000,0.0000000000
option4,2037,5195.1800000000,5236.9200000000,41.7423000000,124.9520000000,155.4380000000,30.1483000000,158.9315000000,170.7740000000,11.5943000000,283.8835000000,326.2110000000,41.7423000000,0,0.0000000000,0.0000000000,0.0000000000,0.0000000000,0.0000000000,0.0000000000,0.0000000000,0.0000000000
option4,2086,56289.6000000000,56239.5000000000,-50.1133000000,1052.6740000000,970.3370000000,-80.3341000000,1245.0738000000,1275.1400000000,30.2216000000,2297.7478000000,2245.4700000000,-50.1133000000,0,0.0000000000,0.0000000000,0.0000000000,0.0000000000,0.0000000000,0.0000000000,0.0000000000,0.0000000000
option4,2066,22145.5000000000,22146.0000000000,0.5240530000,469.0500000000,454.1440000000,-14.7639000000,557.6148000000,570.9180000000,15.2885000000,1026.6648000000,1025.0600000000,0.5240520000,0,0.0000000000,0.0000000000,0.0000000000,0.0000000000,0.0000000000,0.0000000000,0.0000000000,0.0000000000
option4,2040,5992.0100000000,6037.1800000000,45.1667000000,145.2740000000,178.2090000000,32.8932000000,183.6008000000,196.6410000000,12.2738000000,328.8748000000,374.8500000000,45.1667000000,0,0.0000000000,0.0000000000,0.0000000000,0.0000000000,0.0000000000,0.0000000000,0.0000000000,0.0000000000
option4,2069,25008.3000000000,24996.1000000000,-12.2468000000,533.5960000000,508.1490000000,-24.8104000000,635.2060000000,647.9050000000,12.5646000000,1168.8020000000,1156.0500000000,-12.2468000000,0,0.0000000000,0.0000000000,0.0000000000,0.0000000000,0.0000000000,0.0000000000,0.0000000000,0.0000000000
option4,2089,63290.6000000000,63227.2000000000,-63.4745000000,1170.5710000000,1069.4300000000,-98.8822000000,1385.7077000000,1420.3500000000,35.4084000000,2556.2787000000,2489.7700000000,-63.4745000000,0,0.0000000000,0.0000000000,0.0000000000,0.0000000000,0.0000000000,0.0000000000,0.0000000000,0.0000000000
option4,2056,13833.7000000000,13847.8000000000,14.0401000000,300.5570000000,297.2920000000,-3.3961600000,357.8632000000,376.6140000000,17.4369000000,658.4202000000,673.9050000000,14.0401000000,0,0.0000000000,0.0000000000,0.0000000000,0.0000000000,0.0000000000,0.0000000000,0.0000000000,0.0000000000
option4,2038,5455.7500000000,5497.8800000000,42.1303000000,131.6650000000,162.2630000000,30.3208000000,166.8144000000,178.9480000000,11.8097000000,298.4794000000,341.2110000000,42.1303000000,0,0.0000000000,0.0000000000,0.0000000000,0.0000000000,0.0000000000,0.0000000000,0.0000000000,0.0000000000
option4,2045,7534.1700000000,7583.3000000000,49.1267000000,181.5870000000,218.5640000000,37.3671000000,225.6672000000,237.2600000000,11.7600000000,407.2542000000,455.8240000000,49.1267000000,0,0.0000000000,0.0000000000,0.0000000000,0.0000000000,0.0000000000,0.0000000000,0.0000000000,0.0000000000
option4,2053,10749.8000000000,10794.7000000000,44.8986000000,262.5120000000,296.8960000000,34.3937000000,313.4439000000,322.7710000000,10.5053000000,575.9559000000,619.6660000000,44.8986000000,0,0.0000000000,0.0000000000,0.0000000000,0.0000000000,0.0000000000,0.0000000000,0.0000000000,0.0000000000
option4,2058,15009.9000000000,15026.1000000000,16.1821000000,329.5380000000,328.2220000000,-1.1605000000,393.4703000000,411.8870000000,17.3435000000,723.0083000000,740.1070000000,16.1821000000,0,0.0000000000,0.0000000000,0.0000000000,0.0000000000,0.0000000000,0.0000000000,0.0000000000,0.0000000000
option4,2091,69588.1000000000,69521.9000000000,-66.2228000000,1256.2740000000,1150.1200000000,-105.3920000000,1497.4534000000,1538.1300000000,39.1704000000,2753.7274000000,2688.2600000000,-66.2228000000,0,0.0000000000,0.0000000000,0.0000000000,0.0000000000,0.0000000000,0.0000000000,0.0000000000,0.0000000000
option4,2071,27460.8000000000,27439.7000000000,-21.1068000000,581.1500000000,547.1300000000,-33.2306000000,690.3756000000,702.4930000000,12.1246000000,1271.5256000000,1249.6200000000,-21.1068000000,0,0.0000000000,0.0000000000,0.0000000000,0.0000000000,0.0000000000,0.0000000000,0.0000000000,0.0000000000
option4,2036,4969.9300000000,5011.2400000000,41.3133000000,118.3400000000,148.6940000000,30.0034000000,153.1075000000,164.4540000000,11.3102000000,271.4475000000,313.1470000000,41.3133000000,0,0.0000000000,0.0000000000,0.0000000000,0.0000000000,0.0000000000,0.0000000000,0.0000000000,0.0000000000
option4,2067,23158.8000000000,23159.7000000000,0.9282430000,489.6560000000,475.7030000000,-13.9468000000,584.2182000000,592.4370000000,14.8757000000,1073.8742000000,1068.1400000000,0.9282430000,0,0.0000000000,0.0000000000,0.0000000000,0.0000000000,0.0000000000,0.0000000000,0.0000000000,0.0000000000
option4,2087,58898.8000000000,58851.5000000000,-47.3033000000,1090.7890000000,1008.1500000000,-80.5254000000,1293.9456000000,1326.7800000000,33.2229000000,2384.7346000000,2334.9300000000,-47.3033000000,0,0.0000000000,0.0000000000,0.0000000000,0.0000000000,0.0000000000,0.0000000000,0.0000000000,0.0000000000
option4,2033,4256.8700000000,4266.4500000000,9.5849200000,97.0470000000,123.1580000000,25.8855000000,128.8882000000,112.1400000000,-16.2853000000,225.9352000000,235.2830000000,9.5849200000,0,0.0000000000,0.0000000000,0.0000000000,0.0000000000,0.0000000000,0.0000000000,0.0000000000,0.0000000000
option4,2094,79062.3000000000,78976.5000000000,-85.8653000000,1400.3780000000,1269.1000000000,-130.3170000000,1667.4112000000,1713.1300000000,44.4638000000,3067.7892000000,2982.2200000000,-85.8653000000,0,0.0000000000,0.0000000000,0.0000000000,0.0000000000,0.0000000000,0.0000000000,0.0000000000,0.0000000000
option4,2074,31603.2000000000,31582.2000000000,-20.9962000000,659.8630000000,624.2220000000,-34.6293000000,785.3613000000,799.5660000000,13.6340000000,1445.2243000000,1423.7900000000,-20.9962000000,0,0.0000000000,0.0000000000,0.0000000000,0.0000000000,0.0000000000,0.0000000000,0.0000000000,0.0000000000
option4,2062,18923.8000000000,18937.9000000000,14.0924000000,394.3990000000,391.5390000000,-2.6443600000,470.9474000000,488.9750000000,16.7372000000,865.3464000000,880.5140000000,14.0924000000,0,0.0000000000,0.0000000000,0.0000000000,0.0000000000,0.0000000000,0.0000000000,0.0000000000,0.0000000000
option4,2082,47814.2000000000,47763.8000000000,-50.4525000000,907.9580000000,835.4810000000,-70.9620000000,1078.1135000000,1096.4800000000,20.5105000000,1986.0715000000,1931.9600000000,-50.4525000000,0,0.0000000000,0.0000000000,0.0000000000,0.0000000000,0.0000000000,0.0000000000,0.0000000000,0.0000000000
option4,2044,7214.6900000000,7260.6300000000,45.9382000000,173.8540000000,207.3510000000,33.6959000000,215.2035000000,227.6380000000,12.2427000000,389.0575000000,434.9880000000,45.9382000000,0,0.0000000000,0.0000000000,0.0000000000,0.0000000000,0.0000000000,0.0000000000,0.0000000000,0.0000000000
option4,2052,10214.5000000000,10256.7000000000,42.1720000000,251.0780000000,283.5410000000,32.4903000000,301.8906000000,310.2280000000,9.6820300000,552.9686000000,593.7680000000,42.1720000000,0,0.0000000000,0.0000000000,0.0000000000,0.0000000000,0.0000000000,0.0000000000,0.0000000000,0.0000000000
option4,2041,6271.7500000000,6316.2400000000,44.4976000000,152.1750000000,184.4750000000,32.2187000000,190.5286000000,203.5930000000,12.2793000000,342.7036000000,388.0680000000,44.4976000000,0,0.0000000000,0.0000000000,0.0000000000,0.0000000000,0.0000000000,0.0000000000,0.0000000000,0.0000000000
option4,2088,59967.5000000000,59918.8000000000,-48.7078000000,1130.0160000000,1043.9600000000,-83.1823000000,1344.8922000000,1378.1400000000,34.4815000000,2474.9082000000,2422.0900000000,-48.7078000000,0,0.0000000000,0.0000000000,0.0000000000,0.0000000000,0.0000000000,0.0000000000,0.0000000000,0.0000000000
option4,2068,24303.3000000000,24294.4000000000,-8.8744400000,511.1680000000,488.3190000000,-22.6144000000,606.4433000000,619.4850000000,13.7412000000,1117.6113000000,1107.8000000000,-8.8744400000,0,0.0000000000,0.0000000000,0.0000000000,0.0000000000,0.0000000000,0.0000000000,0.0000000000,0.0000000000
option4,2057,14476.1000000000,14490.6000000000,14.4920000000,314.6760000000,311.8310000000,-2.9251000000,375.2580000000,393.7600000000,17.4179000000,689.9340000000,705.5900000000,14.4920000000,0,0.0000000000,0.0000000000,0.0000000000,0.0000000000,0.0000000000,0.0000000000,0.0000000000,0.0000000000
option4,2039,5708.8200000000,5752.3200000000,43.4968000000,138.4440000000,170.0690000000,31.4316000000,175.0167000000,187.5930000000,12.0655000000,313.4607000000,357.6630000000,43.4968000000,0,0.0000000000,0.0000000000,0.0000000000,0.0000000000,0.0000000000,0.0000000000,0.0000000000,0.0000000000
option4,2042,6593.4300000000,6637.9600000000,44.5249000000,159.2090000000,191.4700000000,32.2735000000,197.7290000000,210.5920000000,12.2518000000,356.9380000000,402.0620000000,44.5249000000,0,0.0000000000,0.0000000000,0.0000000000,0.0000000000,0.0000000000,0.0000000000,0.0000000000,0.0000000000
option4,2054,12663.3000000000,12680.5000000000,17.2634000000,274.4690000000,274.3510000000,-0.1073050000,328.6900000000,347.0430000000,17.3710000000,603.1590000000,621.3930000000,17.2634000000,0,0.0000000000,0.0000000000,0.0000000000,0.0000000000,0.0000000000,0.0000000000,0.0000000000,0.0000000000
option4,2029,3301.6600000000,3310.2900000000,8.6335800000,70.7970000000,92.6363000000,22.5739000000,95.2200000000,80.8374000000,-13.9242000000,166.0170000000,173.4580000000,8.6335800000,0,0.0000000000,0.0000000000,0.0000000000,0.0000000000,0.0000000000,0.0000000000,0.0000000000,0.0000000000
option4,2047,8226.8600000000,8276.9800000000,50.1243000000,197.8510000000,237.0470000000,39.4730000000,243.0048000000,252.7770000000,10.6518000000,440.8558000000,489.8240000000,50.1243000000,0,0.0000000000,0.0000000000,0.0000000000,0.0000000000,0.0000000000,0.0000000000,0.0000000000,0.0000000000
option4,2078,39421.5000000000,39376.1000000000,-45.4123000000,777.2050000000,715.2580000000,-61.3115000000,919.4100000000,936.7850000000,15.9001000000,1696.6150000000,1652.0400000000,-45.4123000000,0,0.0000000000,0.0000000000,0.0000000000,0.0000000000,0.0000000000,0.0000000000,0.0000000000,0.0000000000
option4,2098,97276.2000000000,97176.6000000000,-99.5716000000,1629.4350000000,1478.9700000000,-148.6130000000,1928.6250000000,1979.0000000000,49.0448000000,3558.0600000000,3457.9700000000,-99.5716000000,0,0.0000000000,0.0000000000,0.0000000000,0.0000000000,0.0000000000,0.0000000000,0.0000000000,0.0000000000
option4,2051,9754.0300000000,9794.9200000000,40.8868000000,240.2810000000,271.9740000000,31.7440000000,287.8848000000,295.4930000000,9.1473100000,528.1658000000,567.4620000000,40.8868000000,0,0.0000000000,0.0000000000,0.0000000000,0.0000000000,0.0000000000,0.0000000000,0.0000000000,0.0000000000
option4,2097,91835.2000000000,91722.7000000000,-112.5750000000,1567.8780000000,1407.7600000000,-157.9500000000,1855.7535000000,1902.5600000000,45.3861000000,3423.6315000000,3310.3000000000,-112.5750000000,0,0.0000000000,0.0000000000,0.0000000000,0.0000000000,0.0000000000,0.0000000000,0.0000000000,0.0000000000
option4,2077,35834.1000000000,35803.6000000000,-30.4626000000,746.7770000000,699.4180000000,-46.0189000000,885.7572000000,903.0170000000,15.5572000000,1632.5342000000,1602.4300000000,-30.4626000000,0,0.0000000000,0.0000000000,0.0000000000,0.0000000000,0.0000000000,0.0000000000,0.0000000000,0.0000000000
option4,2030,3538.5600000000,3548.3800000000,9.8197800000,76.5940000000,100.9810000000,24.2380000000,103.2642000000,88.5271000000,-14.4027000000,179.8582000000,189.4930000000,9.8197800000,0,0.0000000000,0.0000000000,0.0000000000,0.0000000000,0.0000000000,0.0000000000,0.0000000000,0.0000000000
option4,2061,17859.1000000000,17876.0000000000,16.8698000000,377.2930000000,376.1180000000,-0.6364370000,449.2110000000,467.9070000000,17.5067000000,826.5040000000,844.0250000000,16.8698000000,0,0.0000000000,0.0000000000,0.0000000000,0.0000000000,0.0000000000,0.0000000000,0.0000000000,0.0000000000
option4,2081,46964.2000000000,46923.2000000000,-41.0269000000,873.8800000000,811.5600000000,-60.8494000000,1038.0820000000,1058.3400000000,19.8898000000,1911.9620000000,1869.8300000000,-41.0269000000,0,0.0000000000,0.0000000000,0.0000000000,0.0000000000,0.0000000000,0.0000000000,0.0000000000,0.0000000000
option4,2048,8617.8000000000,8667.1900000000,49.3930000000,206.5860000000,245.8610000000,39.4264000000,254.8190000000,263.5180000000,9.9669800000,461.4050000000,509.3790000000,49.3930000000,0,0.0000000000,0.0000000000,0.0000000000,0.0000000000,0.0000000000,0.0000000000,0.0000000000,0.0000000000
option4,2035,4733.3100000000,4740.9900000000,7.6755600000,111.6830000000,137.4050000000,25.4163000000,145.8450000000,128.0110000000,-17.6958000000,257.5280000000,265.3700000000,7.6755600000,0,0.0000000000,0.0000000000,0.0000000000,0.0000000000,0.0000000000,0.0000000000,0.0000000000,0.0000000000
option4,2092,72954.1000000000,72864.9000000000,-89.1192000000,1302.1010000000,1172.8300000000,-128.8560000000,1542.9568000000,1584.3600000000,39.7387000000,2845.0578000000,2757.1800000000,-89.1192000000,0,0.0000000000,0.0000000000,0.0000000000,0.0000000000,0.0000000000,0.0000000000,0.0000000000,0.0000000000
option4,2072,28672.2000000000,28650.6000000000,-21.5829000000,606.2660000000,571.6930000000,-33.8273000000,722.8816000000,735.1080000000,12.2476000000,1329.1476000000,1306.8000000000,-21.5829000000,0,0.0000000000,0.0000000000,0.0000000000,0.0000000000,0.0000000000,0.0000000000,0.0000000000,0.0000000000
option4,2064,20662.7000000000,20669.2000000000,6.4331400000,430.2720000000,421.0410000000,-9.1630400000,512.5514000000,528.2770000000,15.5967000000,942.8234000000,949.3170000000,6.4331400000,0,0.0000000000,0.0000000000,0.0000000000,0.0000000000,0.0000000000,0.0000000000,0.0000000000,0.0000000000
option4,2084,50058.8000000000,50007.9000000000,-50.8607000000,978.9650000000,901.1310000000,-75.4734000000,1163.3745000000,1188.0800000000,24.6136000000,2142.3395000000,2089.2100000000,-50.8607000000,0,0.0000000000,0.0000000000,0.0000000000,0.0000000000,0.0000000000,0.0000000000,0.0000000000,0.0000000000
option4,2028,3061.2600000000,3097.7900000000,36.5330000000,65.6350000000,87.3128000000,23.0964000000,88.7607000000,76.7351000000,-11.7596000000,154.3957000000,164.0010000000,11.2899000000,0,0.0000000000,0.0000000000,0.0000000000,0.0000000000,0.0000000000,0.0000000000,0.0000000000,0.0000000000
option4,2046,7879.0100000000,7928.2100000000,49.2040000000,189.5550000000,226.8980000000,37.7184000000,234.1536000000,245.1780000000,11.4861000000,423.7086000000,472.0750000000,49.2040000000,0,0.0000000000,0.0000000000,0.0000000000,0.0000000000,0.0000000000,0.0000000000,0.0000000000,0.0000000000
option4,2100,100874.0000000000,100808.0000000000,-66.2030000000,1761.5120000000,1635.9800000000,-124.5260000000,2101.2768000000,2159.2600000000,58.7302000000,3862.7888000000,3794.8300000000,-66.2030000000,0,0.0000000000,0.0000000000,0.0000000000,0.0000000000,0.0000000000,0.0000000000,0.0000000000,0.0000000000
option4,2099,99095.7000000000,99026.2000000000,-69.4654000000,1694.1870000000,1570.8800000000,-122.2580000000,2022.2384000000,2075.3500000000,53.1890000000,3716.4254000000,3645.8300000000,-69.4654000000,0,0.0000000000,0.0000000000,0.0000000000,0.0000000000,0.0000000000,0.0000000000,0.0000000000,0.0000000000
option4,2079,43014.4000000000,42975.5000000000,-38.9196000000,808.5430000000,751.8840000000,-56.0305000000,962.8605000000,980.8040000000,17.1689000000,1771.4035000000,1732.6300000000,-38.9196000000,0,0.0000000000,0.0000000000,0.0000000000,0.0000000000,0.0000000000,0.0000000000,0.0000000000,0.0000000000
option4,2050,9368.7500000000,9410.7600000000,42.0032000000,230.0260000000,263.1430000000,33.1748000000,277.3400000000,284.4980000000,8.8286100000,507.3660000000,547.6410000000,42.0032000000,0,0.0000000000,0.0000000000,0.0000000000,0.0000000000,0.0000000000,0.0000000000,0.0000000000,0.0000000000
option4,2043,6887.1100000000,6932.0700000000,44.9647000000,166.4120000000,199.0920000000,32.7432000000,207.3660000000,219.9410000000,12.2219000000,373.7780000000,419.0330000000,44.9647000000,0,0.0000000000,0.0000000000,0.0000000000,0.0000000000,0.0000000000,0.0000000000,0.0000000000,0.0000000000
option4,2055,13208.3000000000,13225.7000000000,17.4236000000,287.1610000000,287.3030000000,0.1477230000,344.6524000000,362.8640000000,17.2764000000,631.8134000000,650.1670000000,17.4236000000,0,0.0000000000,0.0000000000,0.0000000000,0.0000000000,0.0000000000,0.0000000000,0.0000000000,0.0000000000
option4,2034,4503.4000000000,4512.2400000000,8.8438100000,104.5210000000,130.8520000000,26.0824000000,138.7866000000,121.2370000000,-17.2239000000,243.3076000000,252.0740000000,8.8438100000,0,0.0000000000,0.0000000000,0.0000000000,0.0000000000,0.0000000000,0.0000000000,0.0000000000,0.0000000000
option4,2073,30210.4000000000,30186.2000000000,-24.1170000000,632.6410000000,594.9140000000,-36.7848000000,750.1200000000,762.9240000000,12.6663000000,1382.7610000000,1357.8400000000,-24.1170000000,0,0.0000000000,0.0000000000,0.0000000000,0.0000000000,0.0000000000,0.0000000000,0.0000000000,0.0000000000
option4,2093,76228.5000000000,76138.0000000000,-90.5487000000,1350.0090000000,1217.5700000000,-131.5200000000,1604.0080000000,1646.8000000000,40.9798000000,2954.0170000000,2864.3600000000,-90.5487000000,0,0.0000000000,0.0000000000,0.0000000000,0.0000000000,0.0000000000,0.0000000000,0.0000000000,0.0000000000
option4,2085,52607.7000000000,52561.1000000000,-46.6899000000,1015.2090000000,939.1640000000,-73.4987000000,1208.6960000000,1235.6000000000,26.8096000000,2223.9050000000,2174.7600000000,-46.6899000000,0,0.0000000000,0.0000000000,0.0000000000,0.0000000000,0.0000000000,0.0000000000,0.0000000000,0.0000000000
option4,2065,21472.0000000000,21473.9000000000,1.8490500000,449.2870000000,435.1060000000,-13.6554000000,532.1431000000,547.4820000000,15.5051000000,981.4301000000,982.5870000000,1.8490500000,0,0.0000000000,0.0000000000,0.0000000000,0.0000000000,0.0000000000,0.0000000000,0.0000000000,0.0000000000
option4,2076,33237.4000000000,33212.7000000000,-24.6882000000,717.0490000000,676.3360000000,-39.4380000000,853.4268000000,869.5490000000,14.8002000000,1570.4758000000,1545.8300000000,-24.6882000000,0,0.0000000000,0.0000000000,0.0000000000,0.0000000000,0.0000000000,0.0000000000,0.0000000000,0.0000000000
option4,2096,85728.0000000000,85640.7000000000,-87.2354000000,1509.4420000000,1376.0500000000,-132.2120000000,1801.5760000000,1847.7700000000,44.9773000000,3311.0180000000,3223.8300000000,-87.2354000000,0,0.0000000000,0.0000000000,0.0000000000,0.0000000000,0.0000000000,0.0000000000,0.0000000000,0.0000000000
option4,2031,3756.8100000000,3767.1000000000,10.2904000000,83.0360000000,108.5700000000,25.3871000000,111.7638000000,96.2202000000,-15.0816000000,194.7998000000,204.7750000000,10.2904000000,0,0.0000000000,0.0000000000,0.0000000000,0.0000000000,0.0000000000,0.0000000000,0.0000000000,0.0000000000
option4,2080,45245.5000000000,45208.0000000000,-37.4615000000,840.7970000000,783.6350000000,-56.2157000000,999.7295000000,1019.4000000000,18.7562000000,1840.5265000000,1803.0400000000,-37.4615000000,0,0.0000000000,0.0000000000,0.0000000000,0.0000000000,0.0000000000,0.0000000000,0.0000000000,0.0000000000
option4,2060,16882.7000000000,16900.2000000000,17.4936000000,360.8930000000,360.0520000000,-0.3155040000,428.4384000000,447.5500000000,17.8095000000,789.3314000000,807.6020000000,17.4936000000,0,0.0000000000,0.0000000000,0.0000000000,0.0000000000,0.0000000000,0.0000000000,0.0000000000,0.0000000000
option4,2049,9012.1900000000,9059.5500000000,47.3668000000,215.7510000000,253.3720000000,37.7123000000,264.4511000000,272.5810000000,9.6549900000,480.2021000000,525.9530000000,47.3668000000,0,0.0000000000,0.0000000000,0.0000000000,0.0000000000,0.0000000000,0.0000000000,0.0000000000,0.0000000000
option5,2026,2670.7200000000,2707.2300000000,36.5132000000,52.1990000000,4.0813400000,-47.4149000000,76.7901000000,0.0000000000,-76.2590000000,128.9891000000,-11.8801000000,-139.6350000000,0,124.4800000000,34.3145000000,124.4800000000,34.3145000000,76.2590000000,47.4149000000,48.2212000000,-13.1004000000
option5,2027,2853.9800000000,2885.1700000000,31.1906000000,60.5690000000,4.6264600000,-54.6016000000,82.5517000000,0.0000000000,-82.2295000000,143.1207000000,-13.2952000000,-154.7530000000,0,130.7220000000,35.7539000000,130.7220000000,35.7539000000,82.2295000000,54.6016000000,48.4928000000,-18.8477000000
option6,2026,2670.7200000000,2691.8900000000,21.1732000000,52.1990000000,52.0638000000,0.5675660000,76.7901000000,76.3974000000,0.1383980000,128.9891000000,126.2210000000,-1.5345000000,0,16.8977000000,5.0112300000,21.9090000000,0.0000000000,-0.1383980000,-0.5675660000,22.0474000000,0.5675660000
option6,2027,2853.9800000000,2897.9100000000,43.9296000000,60.5690000000,59.9743000000,0.7462820000,82.5517000000,82.5348000000,0.3052930000,143.1207000000,137.4440000000,-4.0132300000,0,34.1387000000,9.7298600000,43.8686000000,0.0000000000,-0.3052930000,-0.7462820000,44.1738000000,0.7462820000
option6,2037,5195.1800000000,5323.8800000000,128.6990000000,124.9520000000,2.7599300000,-122.5300000000,158.9315000000,124.1930000000,-34.9862000000,283.8835000000,106.0470000000,-178.4220000000,0,219.5570000000,57.5512000000,219.5570000000,57.5512000000,34.9862000000,122.5300000000,184.5710000000,-64.9787000000
option6,2070,26230.5000000000,26251.7000000000,21.1444000000,556.9600000000,8.2051800000,-547.9200000000,659.2300000000,0.0000000000,-659.3470000000,1216.1900000000,-97.6508000000,-1313.1200000000,0,926.2400000000,245.1430000000,926.2400000000,245.1430000000,659.3470000000,547.9200000000,266.8930000000,-302.7760000000
option6,2090,66615.3000000000,67016.4000000000,401.1400000000,1212.5490000000,19.5390000000,-1191.5500000000,1440.4901000000,0.0000000000,-1440.8400000000,2653.0391000000,-135.9760000000,-2787.9000000000,0,2277.0200000000,652.1540000000,2277.0200000000,652.1540000000,1440.8400000000,1191.5500000000,836.1870000000,-539.3960000000
option6,2059,15849.9000000000,15889.6000000000,39.6591000000,344.9370000000,6.2666000000,-338.2850000000,412.5680000000,0.0000000000,-413.7720000000,757.5050000000,-42.3877000000,-800.7110000000,0,598.9020000000,166.7060000000,598.9020000000,166.7060000000,413.7720000000,338.2850000000,185.1300000000,-171.5780000000
option6,2086,56289.6000000000,56568.1000000000,278.4900000000,1052.6740000000,13.7192000000,-1036.9500000000,1245.0738000000,0.0000000000,-1244.9100000000,2297.7478000000,-87.1357000000,-2382.7200000000,0,1898.8200000000,522.0390000000,1898.8200000000,522.0390000000,1244.9100000000,1036.9500000000,653.9050000000,-514.9140000000
option6,2066,22145.5000000000,22161.7000000000,16.2396000000,469.0500000000,3.4380300000,-465.4700000000,557.6148000000,0.0000000000,-555.6290000000,1026.6648000000,-74.3502000000,-1098.8900000000,0,784.7340000000,211.1840000000,784.7340000000,211.1840000000,555.6290000000,465.4700000000,229.1040000000,-254.2860000000
option6,2075,32670.6000000000,32739.4000000000,68.8747000000,688.1650000000,21.4959000000,-665.4900000000,815.0803000000,0.0000000000,-815.9030000000,1503.2453000000,-75.0215000000,-1577.9100000000,0,1196.0300000000,332.3680000000,1196.0300000000,332.3680000000,815.9030000000,665.4900000000,380.1300000000,-333.1220000000
option6,2095,81066.3000000000,81660.5000000000,594.2830000000,1453.6660000000,26.0177000000,-1426.3400000000,1733.2448000000,0.0000000000,-1734.4800000000,3186.9108000000,-138.3810000000,-3325.2200000000,0,2828.3000000000,826.5190000000,2828.3000000000,826.5190000000,1734.4800000000,1426.3400000000,1093.8200000000,-599.8220000000
option6,2032,4017.0200000000,4175.8800000000,158.8670000000,89.8820000000,37.7562000000,-52.2807000000,120.7920000000,120.9380000000,0.6483390000,210.6740000000,145.5910000000,-64.7358000000,0,159.9700000000,42.2632000000,179.1270000000,23.1060000000,-0.6483390000,52.2807000000,179.7760000000,-29.1747000000
option6,2083,48748.8000000000,48748.9000000000,0.1536780000,943.0510000000,-103.9210000000,-1045.1100000000,1119.8815000000,0.0000000000,-1118.8500000000,2062.9325000000,-279.9300000000,-2339.9700000000,0,1527.1400000000,332.4640000000,1527.1400000000,332.4640000000,1118.8500000000,1045.1100000000,408.2920000000,-712.6420000000
option6,2063,19827.2000000000,19846.7000000000,19.5105000000,412.0590000000,-7.1788700000,-419.0820000000,489.0416000000,0.0000000000,-489.9490000000,901.1006000000,-68.8805000000,-970.7330000000,0,689.7270000000,178.3760000000,689.7270000000,178.3760000000,489.9490000000,419.0820000000,199.7780000000,-240.7060000000
option6,2045,7534.1700000000,7553.3500000000,19.1739000000,181.5870000000,8.1623800000,-173.0350000000,225.6672000000,0.0000000000,-225.5000000000,407.2542000000,-17.6184000000,-424.3150000000,0,322.7900000000,89.8663000000,322.7900000000,89.8663000000,225.5000000000,173.0350000000,97.2901000000,-83.1686000000
option6,2053,10749.8000000000,10769.2000000000,19.4015000000,262.5120000000,10.8349000000,-251.6670000000,313.4439000000,0.0000000000,-312.2650000000,575.9559000000,-23.6436000000,-598.4110000000,0,451.2690000000,126.6180000000,451.2690000000,126.6180000000,312.2650000000,251.6670000000,139.0030000000,-125.0490000000
option6,2069,25008.3000000000,25025.2000000000,16.9280000000,533.5960000000,2.8059600000,-530.1530000000,635.2060000000,0.0000000000,-635.3410000000,1168.8020000000,-88.5420000000,-1256.8400000000,0,885.8410000000,230.8830000000,885.8410000000,230.8830000000,635.3410000000,530.1530000000,250.5000000000,-299.2700000000
option6,2089,63290.6000000000,63661.8000000000,371.1270000000,1170.5710000000,10.5517000000,-1157.7600000000,1385.7077000000,0.0000000000,-1384.9400000000,2556.2787000000,-157.3240000000,-2710.5700000000,0,2178.1200000000,613.4040000000,2178.1200000000,613.4040000000,1384.9400000000,1157.7600000000,793.1810000000,-544.3510000000
option6,2040,5992.0100000000,6077.4500000000,85.4370000000,145.2740000000,3.5770000000,-141.7390000000,183.6008000000,87.2127000000,-97.1545000000,328.8748000000,64.7051000000,-264.9780000000,0,251.9640000000,67.2270000000,251.9640000000,67.2270000000,97.1545000000,141.7390000000,154.8090000000,-74.5121000000
option6,2038,5455.7500000000,5572.2600000000,116.5110000000,131.6650000000,3.6547200000,-128.2880000000,166.8144000000,112.4240000000,-54.7136000000,298.4794000000,94.5400000000,-204.5410000000,0,230.5280000000,60.8307000000,230.5280000000,60.8307000000,54.7136000000,128.2880000000,175.8150000000,-67.4573000000
option6,2056,13833.7000000000,13864.2000000000,30.4850000000,300.5570000000,4.9011900000,-295.7870000000,357.8632000000,0.0000000000,-359.1770000000,658.4202000000,-43.7896000000,-703.6540000000,0,517.6870000000,140.6940000000,517.6870000000,140.6940000000,359.1770000000,295.7870000000,158.5100000000,-155.0930000000
option6,2094,79062.3000000000,79545.2000000000,482.8630000000,1400.3780000000,-0.8528070000,-1400.2700000000,1667.4112000000,0.0000000000,-1668.6700000000,3067.7892000000,-204.4700000000,-3272.5600000000,0,2657.5800000000,753.8010000000,2657.5800000000,753.8010000000,1668.6700000000,1400.2700000000,988.9080000000,-646.4700000000
option6,2074,31603.2000000000,31652.6000000000,49.4353000000,659.8630000000,19.5879000000,-639.2630000000,785.3613000000,0.0000000000,-785.9320000000,1445.2243000000,-81.5866000000,-1526.3700000000,0,1138.4400000000,308.6340000000,1138.4400000000,308.6340000000,785.9320000000,639.2630000000,352.5050000000,-330.6300000000
option6,2033,4256.8700000000,4429.3300000000,172.4650000000,97.0470000000,27.4340000000,-69.8382000000,128.8882000000,128.7760000000,0.3506410000,225.9352000000,141.6150000000,-84.0828000000,0,184.8980000000,49.4867000000,184.8980000000,49.4867000000,-0.3506410000,69.8382000000,185.2490000000,-20.3515000000
option6,2062,18923.8000000000,18954.2000000000,30.3719000000,394.3990000000,3.1864900000,-390.9970000000,470.9474000000,0.0000000000,-472.2380000000,865.3464000000,-51.8882000000,-918.3100000000,0,673.0640000000,182.3530000000,673.0640000000,182.3530000000,472.2380000000,390.9970000000,200.8260000000,-208.6440000000
option6,2082,47814.2000000000,47924.2000000000,109.9750000000,907.9580000000,-19.7380000000,-926.1810000000,1078.1135000000,0.0000000000,-1075.9700000000,1986.0715000000,-160.3000000000,-2142.7100000000,0,1559.0900000000,406.4760000000,1559.0900000000,406.4760000000,1075.9700000000,926.1810000000,483.1270000000,-519.7050000000
option6,2036,4969.9300000000,5108.2900000000,138.3600000000,118.3400000000,2.9164000000,-115.7740000000,153.1075000000,135.3980000000,-17.7459000000,271.4475000000,116.2610000000,-155.5730000000,0,210.1460000000,55.3310000000,210.1460000000,55.3310000000,17.7459000000,115.7740000000,192.4000000000,-60.4431000000
option6,2091,69588.1000000000,70021.3000000000,433.1720000000,1256.2740000000,18.8759000000,-1236.6400000000,1497.4534000000,0.0000000000,-1498.9600000000,2753.7274000000,-132.9070000000,-2887.3900000000,0,2383.1200000000,686.8420000000,2383.1200000000,686.8420000000,1498.9600000000,1236.6400000000,884.1520000000,-549.7980000000
option6,2071,27460.8000000000,27488.9000000000,28.1713000000,581.1500000000,4.4237900000,-575.9360000000,690.3756000000,0.0000000000,-690.3680000000,1271.5256000000,-93.5787000000,-1364.3100000000,0,977.0880000000,249.3800000000,977.0880000000,249.3800000000,690.3680000000,575.9360000000,286.7200000000,-326.5560000000
option6,2058,15009.9000000000,15043.2000000000,33.3780000000,329.5380000000,1.1743200000,-328.2080000000,393.4703000000,0.0000000000,-394.5430000000,723.0083000000,-48.4553000000,-772.3810000000,0,567.4720000000,153.0490000000,567.4720000000,153.0490000000,394.5430000000,328.2080000000,172.9290000000,-175.1590000000
option6,2067,23158.8000000000,23175.1000000000,16.3000000000,489.6560000000,6.6204900000,-483.0290000000,584.2182000000,0.0000000000,-577.5620000000,1073.8742000000,-79.4476000000,-1146.6600000000,0,823.4940000000,220.7730000000,823.4940000000,220.7730000000,577.5620000000,483.0290000000,245.9320000000,-262.2560000000
option6,2087,58898.8000000000,59220.7000000000,321.8630000000,1090.7890000000,20.5905000000,-1068.0900000000,1293.9456000000,0.0000000000,-1293.5600000000,2384.7346000000,-92.6561000000,-2474.8900000000,0,1999.4600000000,571.4720000000,1999.4600000000,571.4720000000,1293.5600000000,1068.0900000000,705.8990000000,-496.6160000000
option6,2088,59967.5000000000,60159.9000000000,192.4280000000,1130.0160000000,20.7185000000,-1106.4200000000,1344.8922000000,0.0000000000,-1343.6600000000,2474.9082000000,-287.6730000000,-2758.4800000000,0,2064.8000000000,595.7170000000,2064.8000000000,595.7170000000,1343.6600000000,1106.4200000000,721.1430000000,-510.7070000000
option6,2068,24303.3000000000,24319.7000000000,16.4814000000,511.1680000000,2.9398300000,-507.9940000000,606.4433000000,0.0000000000,-605.7440000000,1117.6113000000,-84.4915000000,-1201.1700000000,0,848.6050000000,224.1140000000,848.6050000000,224.1140000000,605.7440000000,507.9940000000,242.8610000000,-283.8800000000
option6,2041,6271.7500000000,6346.0700000000,74.3256000000,152.1750000000,4.4013500000,-147.8550000000,190.5286000000,71.6942000000,-119.6190000000,342.7036000000,51.1479000000,-292.4220000000,0,263.3330000000,70.5573000000,263.3330000000,70.5573000000,119.6190000000,147.8550000000,143.7140000000,-77.2980000000
option6,2039,5708.8200000000,5814.4200000000,105.6040000000,138.4440000000,5.0629900000,-133.5750000000,175.0167000000,100.4000000000,-75.1280000000,313.4607000000,84.2457000000,-229.9200000000,0,243.4800000000,65.8421000000,243.4800000000,65.8421000000,75.1280000000,133.5750000000,168.3510000000,-67.7328000000
option6,2057,14476.1000000000,14507.6000000000,31.5468000000,314.6760000000,2.5046600000,-312.2520000000,375.2580000000,0.0000000000,-376.3420000000,689.9340000000,-47.3180000000,-738.4160000000,0,541.3150000000,146.1150000000,541.3150000000,146.1150000000,376.3420000000,312.2520000000,164.9730000000,-166.1360000000
option6,2044,7214.6900000000,7246.0100000000,31.3136000000,173.8540000000,6.8234000000,-166.8310000000,215.2035000000,19.6413000000,-195.7540000000,389.0575000000,0.0828649000,-388.9670000000,0,304.0560000000,82.8746000000,304.0560000000,82.8746000000,195.7540000000,166.8310000000,108.3020000000,-83.9568000000
option6,2052,10214.5000000000,10237.8000000000,23.2913000000,251.0780000000,13.5378000000,-237.5130000000,301.8906000000,0.0000000000,-300.5460000000,552.9686000000,-18.9266000000,-570.5230000000,0,437.0720000000,125.8380000000,437.0720000000,125.8380000000,300.5460000000,237.5130000000,136.5260000000,-111.6750000000
option6,2047,8226.8600000000,8243.5500000000,16.6925000000,197.8510000000,11.1595000000,-186.4150000000,243.0048000000,0.0000000000,-242.1250000000,440.8558000000,-27.5845000000,-467.2840000000,0,351.3600000000,99.0694000000,351.3600000000,99.0694000000,242.1250000000,186.4150000000,109.2340000000,-87.3456000000
option6,2029,3301.6600000000,3394.2400000000,92.5810000000,70.7970000000,61.8988000000,-8.1635900000,95.2200000000,95.7867000000,1.0250700000,166.0170000000,149.7560000000,-15.0684000000,0,77.5838000000,21.2949000000,98.8787000000,0.0000000000,-1.0250700000,8.1635900000,99.9037000000,-8.1635900000
option6,2051,9754.0300000000,9770.8100000000,16.7799000000,240.2810000000,9.1903200000,-231.0400000000,287.8848000000,0.0000000000,-286.3460000000,528.1658000000,-27.5360000000,-554.1120000000,0,413.5380000000,115.2410000000,413.5380000000,115.2410000000,286.3460000000,231.0400000000,127.1930000000,-115.7990000000
option6,2078,39421.5000000000,39519.8000000000,98.3487000000,777.2050000000,7.7210600000,-768.8480000000,919.4100000000,0.0000000000,-920.8840000000,1696.6150000000,-107.6850000000,-1805.1400000000,0,1362.1800000000,369.9680000000,1362.1800000000,369.9680000000,920.8840000000,768.8480000000,441.2980000000,-398.8800000000
option6,2098,97276.2000000000,98054.8000000000,778.6140000000,1629.4350000000,16.8793000000,-1610.7100000000,1928.6250000000,0.0000000000,-1929.9600000000,3558.0600000000,-135.1710000000,-3692.7100000000,0,3235.8800000000,954.5390000000,3235.8800000000,954.5390000000,1929.9600000000,1610.7100000000,1305.9200000000,-656.1680000000
option6,2042,6593.4300000000,6655.0200000000,61.5891000000,159.2090000000,5.2596400000,-153.9370000000,197.7290000000,55.1365000000,-143.2040000000,356.9380000000,35.0829000000,-322.4540000000,0,276.0280000000,73.7889000000,276.0280000000,73.7889000000,143.2040000000,153.9370000000,132.8240000000,-80.1479000000
option6,2054,12663.3000000000,12685.2000000000,21.9434000000,274.4690000000,3.2143600000,-271.2440000000,328.6900000000,0.0000000000,-329.6720000000,603.1590000000,-42.8543000000,-646.9840000000,0,472.2800000000,127.4900000000,472.2800000000,127.4900000000,329.6720000000,271.2440000000,142.6080000000,-143.7540000000
option6,2092,72954.1000000000,73411.5000000000,457.4620000000,1302.1010000000,15.2969000000,-1286.3900000000,1542.9568000000,0.0000000000,-1544.6200000000,2845.0578000000,-153.3510000000,-2999.6500000000,0,2463.7900000000,706.2680000000,2463.7900000000,706.2680000000,1544.6200000000,1286.3900000000,919.1730000000,-580.1180000000
option6,2072,28672.2000000000,28713.6000000000,41.4148000000,606.2660000000,9.9941000000,-595.5260000000,722.8816000000,0.0000000000,-722.8600000000,1329.1476000000,-79.6935000000,-1408.0700000000,0,1034.3300000000,271.0940000000,1034.3300000000,271.0940000000,722.8600000000,595.5260000000,311.4720000000,-324.4320000000
option6,2035,4733.3100000000,4886.2900000000,152.9770000000,111.6830000000,3.3811400000,-108.6070000000,145.8450000000,144.7870000000,-0.9192820000,257.5280000000,129.7300000000,-127.9650000000,0,202.8580000000,54.4579000000,202.8580000000,54.4579000000,0.9192820000,108.6070000000,201.9390000000,-54.1495000000
option6,2064,20662.7000000000,20686.5000000000,23.7817000000,430.2720000000,1.4370000000,-428.7670000000,512.5514000000,0.0000000000,-512.6800000000,942.8234000000,-64.2145000000,-1007.1000000000,0,725.4870000000,194.1220000000,725.4870000000,194.1220000000,512.6800000000,428.7670000000,212.8070000000,-234.6450000000
option6,2084,50058.8000000000,50169.7000000000,110.9200000000,978.9650000000,-35.3402000000,-1011.9400000000,1163.3745000000,0.0000000000,-1163.4700000000,2142.3395000000,-183.6580000000,-2323.7300000000,0,1670.7400000000,417.5970000000,1670.7400000000,417.5970000000,1163.4700000000,1011.9400000000,507.2710000000,-594.3470000000
option6,2030,3538.5600000000,3650.1000000000,111.5390000000,76.5940000000,55.0688000000,-21.6747000000,103.2642000000,103.7100000000,0.7799700000,179.8582000000,147.9650000000,-31.7086000000,0,101.1850000000,26.4570000000,127.6420000000,0.0000000000,-0.7799700000,21.6747000000,128.4220000000,-21.6747000000
option6,2097,91835.2000000000,92467.6000000000,632.3970000000,1567.8780000000,-25.2856000000,-1590.9900000000,1855.7535000000,0.0000000000,-1857.1700000000,3423.6315000000,-224.7730000000,-3647.6500000000,0,3007.4700000000,846.9690000000,3007.4700000000,846.9690000000,1857.1700000000,1590.9900000000,1150.3000000000,-744.0240000000
option6,2077,35834.1000000000,35908.0000000000,73.9722000000,746.7770000000,15.2974000000,-730.1400000000,885.7572000000,0.0000000000,-887.4600000000,1632.5342000000,-99.4812000000,-1732.3800000000,0,1300.5700000000,358.2180000000,1300.5700000000,358.2180000000,887.4600000000,730.1400000000,413.1120000000,-371.9210000000
option6,2048,8617.8000000000,8631.2500000000,13.4516000000,206.5860000000,8.3698000000,-198.0650000000,254.8190000000,0.0000000000,-253.5510000000,461.4050000000,-32.0834000000,-492.0690000000,0,363.7610000000,100.4410000000,363.7610000000,100.4410000000,253.5510000000,198.0650000000,110.2100000000,-97.6238000000
option6,2061,17859.1000000000,17897.3000000000,38.2066000000,377.2930000000,5.7405600000,-371.0140000000,449.2110000000,0.0000000000,-450.4010000000,826.5040000000,-47.3595000000,-874.5140000000,0,650.0300000000,178.4240000000,650.0300000000,178.4240000000,450.4010000000,371.0140000000,199.6300000000,-192.5900000000
option6,2081,46964.2000000000,47081.1000000000,116.8840000000,873.8800000000,-10.3028000000,-882.7120000000,1038.0820000000,0.0000000000,-1038.4500000000,1911.9620000000,-137.1660000000,-2048.0300000000,0,1511.7200000000,395.9460000000,1511.7200000000,395.9460000000,1038.4500000000,882.7120000000,473.2660000000,-486.7670000000
option6,2043,6887.1100000000,6931.7900000000,44.6881000000,166.4120000000,5.4575600000,-160.8910000000,207.3660000000,37.9440000000,-169.7760000000,373.7780000000,16.8244000000,-357.2440000000,0,288.8930000000,76.9183000000,288.8930000000,76.9183000000,169.7760000000,160.8910000000,119.1180000000,-83.9726000000
option6,2055,13208.3000000000,13235.1000000000,26.8395000000,287.1610000000,5.5329100000,-281.6230000000,344.6524000000,0.0000000000,-345.5880000000,631.8134000000,-38.6618000000,-671.4050000000,0,495.9860000000,135.4160000000,495.9860000000,135.4160000000,345.5880000000,281.6230000000,150.3980000000,-146.2060000000
option6,2046,7879.0100000000,7901.6700000000,22.6644000000,189.5550000000,7.8645700000,-181.3150000000,234.1536000000,0.0000000000,-233.6920000000,423.7086000000,-17.7803000000,-440.6520000000,0,337.7680000000,94.4800000000,337.7680000000,94.4800000000,233.6920000000,181.3150000000,104.0760000000,-86.8347000000
option6,2028,3061.2600000000,3133.9100000000,72.6472000000,65.6350000000,65.0734000000,0.8570290000,88.7607000000,88.9367000000,0.4420120000,154.3957000000,148.7670000000,-3.9441000000,0,55.6170000000,16.1584000000,71.7755000000,0.0000000000,-0.4420120000,-0.8570290000,72.2175000000,0.8570290000
option6,2050,9368.7500000000,9389.3600000000,20.6116000000,230.0260000000,9.1117500000,-220.8570000000,277.3400000000,0.0000000000,-275.6690000000,507.3660000000,-22.6956000000,-528.3330000000,0,397.9480000000,111.2530000000,397.9480000000,111.2530000000,275.6690000000,220.8570000000,122.2780000000,-109.6040000000
option6,2099,99095.7000000000,99891.0000000000,795.3130000000,1694.1870000000,14.0382000000,-1679.1000000000,2022.2384000000,0.0000000000,-2022.1600000000,3716.4254000000,-115.7600000000,-3831.0600000000,0,3366.8800000000,966.8560000000,3366.8800000000,966.8560000000,2022.1600000000,1679.1000000000,1344.7100000000,-712.2420000000
option6,2079,43014.4000000000,43115.3000000000,100.8820000000,808.5430000000,-9.8037100000,-817.7180000000,962.8605000000,0.0000000000,-963.6350000000,1771.4035000000,-117.5680000000,-1889.1200000000,0,1400.3700000000,366.8790000000,1400.3700000000,366.8790000000,963.6350000000,817.7180000000,436.7400000000,-450.8390000000
option6,2100,100874.0000000000,101627.0000000000,752.3750000000,1761.5120000000,15.3997000000,-1745.1100000000,2101.2768000000,0.0000000000,-2100.5300000000,3862.7888000000,-217.6660000000,-4078.7000000000,0,3437.8900000000,1000.2500000000,3437.8900000000,1000.2500000000,2100.5300000000,1745.1100000000,1337.3600000000,-744.8540000000
option6,2031,3756.8100000000,3892.7700000000,135.9600000000,83.0360000000,47.0144000000,-36.1685000000,111.7638000000,112.1800000000,0.8779030000,194.7998000000,148.5400000000,-45.9445000000,0,130.5100000000,34.1508000000,164.6610000000,0.0000000000,-0.8779030000,36.1685000000,165.5390000000,-36.1685000000
option6,2076,33237.4000000000,33298.3000000000,60.9012000000,717.0490000000,16.3212000000,-699.4530000000,853.4268000000,0.0000000000,-854.7490000000,1570.4758000000,-87.5429000000,-1658.0700000000,0,1240.5100000000,343.8330000000,1240.5100000000,343.8330000000,854.7490000000,699.4530000000,385.7610000000,-355.6200000000
option6,2096,85728.0000000000,86326.8000000000,598.8180000000,1509.4420000000,8.1730900000,-1500.0900000000,1801.5760000000,0.0000000000,-1802.8000000000,3311.0180000000,-170.1330000000,-3481.2000000000,0,2913.9300000000,834.9790000000,2913.9300000000,834.9790000000,1802.8000000000,1500.0900000000,1111.1400000000,-665.1140000000
option6,2049,9012.1900000000,9036.5300000000,24.3452000000,215.7510000000,8.4568300000,-207.2030000000,264.4511000000,0.0000000000,-262.9260000000,480.2021000000,-24.5276000000,-503.1140000000,0,380.4750000000,105.0270000000,380.4750000000,105.0270000000,262.9260000000,207.2030000000,117.5490000000,-102.1760000000
option6,2080,45245.5000000000,45360.4000000000,114.8960000000,840.7970000000,-3.4108900000,-843.2620000000,999.7295000000,0.0000000000,-1000.6500000000,1840.5265000000,-118.3130000000,-1958.8100000000,0,1461.8100000000,384.4940000000,1461.8100000000,384.4940000000,1000.6500000000,843.2620000000,461.1670000000,-458.7680000000
option6,2060,16882.7000000000,16927.2000000000,44.4245000000,360.8930000000,7.7849000000,-352.5830000000,428.4384000000,0.0000000000,-429.7410000000,789.3314000000,-43.8237000000,-833.9320000000,0,625.7970000000,176.2260000000,625.7970000000,176.2260000000,429.7410000000,352.5830000000,196.0560000000,-176.3570000000
option6,2073,30210.4000000000,30288.2000000000,77.8870000000,632.6410000000,29.9503000000,-601.7480000000,750.1200000000,0.0000000000,-750.2580000000,1382.7610000000,-50.5510000000,-1432.5100000000,0,1110.4200000000,310.2140000000,1110.4200000000,310.2140000000,750.2580000000,601.7480000000,360.1600000000,-291.5340000000
option6,2093,76228.5000000000,76686.9000000000,458.3130000000,1350.0090000000,1.8040600000,-1347.2800000000,1604.0080000000,0.0000000000,-1605.8200000000,2954.0170000000,-176.7260000000,-3131.6300000000,0,2549.2200000000,725.8930000000,2549.2200000000,725.8930000000,1605.8200000000,1347.2800000000,943.3960000000,-621.3910000000
option6,2034,4503.4000000000,4665.9000000000,162.5000000000,104.5210000000,15.1532000000,-89.6159000000,138.7866000000,138.1050000000,-0.3564820000,243.3076000000,136.9810000000,-106.2490000000,0,193.2070000000,51.6291000000,193.2070000000,51.6291000000,0.3564820000,89.6159000000,192.8500000000,-37.9869000000
option6,2085,52607.7000000000,52767.5000000000,159.7300000000,1015.2090000000,-17.2055000000,-1029.8700000000,1208.6960000000,0.0000000000,-1208.7900000000,2223.9050000000,-169.5810000000,-2391.0300000000,0,1769.3200000000,461.2670000000,1769.3200000000,461.2670000000,1208.7900000000,1029.8700000000,560.5320000000,-568.6010000000
option6,2065,21472.0000000000,21502.3000000000,30.2838000000,449.2870000000,4.2613800000,-444.5000000000,532.1431000000,0.0000000000,-531.9770000000,981.4301000000,-61.5849000000,-1042.3200000000,0,757.2330000000,205.3480000000,757.2330000000,205.3480000000,531.9770000000,444.5000000000,225.2560000000,-239.1520000000
option5,2063,19827.2000000000,19846.7000000000,19.5105000000,412.0590000000,-7.1788700000,-419.0820000000,489.0416000000,0.0000000000,-489.9490000000,901.1006000000,-68.8805000000,-970.7330000000,0,689.7270000000,178.3760000000,689.7270000000,178.3760000000,489.9490000000,419.0820000000,199.7780000000,-240.7060000000
option5,2083,48748.8000000000,48748.9000000000,0.1536780000,943.0510000000,-103.9210000000,-1045.1100000000,1119.8815000000,0.0000000000,-1118.8500000000,2062.9325000000,-279.9300000000,-2339.9700000000,0,1527.1400000000,332.4640000000,1527.1400000000,332.4640000000,1118.8500000000,1045.1100000000,408.2920000000,-712.6420000000
option5,2095,81066.3000000000,81660.5000000000,594.2830000000,1453.6660000000,26.0177000000,-1426.3400000000,1733.2448000000,0.0000000000,-1734.4800000000,3186.9108000000,-138.3810000000,-3325.2200000000,0,2828.3000000000,826.5190000000,2828.3000000000,826.5190000000,1734.4800000000,1426.3400000000,1093.8200000000,-599.8220000000
option5,2075,32670.6000000000,32739.4000000000,68.8747000000,688.1650000000,21.4959000000,-665.4900000000,815.0803000000,0.0000000000,-815.9030000000,1503.2453000000,-75.0215000000,-1577.9100000000,0,1196.0300000000,332.3680000000,1196.0300000000,332.3680000000,815.9030000000,665.4900000000,380.1300000000,-333.1220000000
option5,2032,4017.0200000000,4039.1600000000,22.1392000000,89.8820000000,4.6520300000,-85.3848000000,120.7920000000,0.0000000000,-120.2900000000,210.6740000000,-12.2204000000,-222.5470000000,0,176.3620000000,48.3307000000,176.3620000000,48.3307000000,120.2900000000,85.3848000000,56.0724000000,-37.0542000000
option5,2066,22145.5000000000,22161.7000000000,16.2396000000,469.0500000000,3.4380300000,-465.4700000000,557.6148000000,0.0000000000,-555.6290000000,1026.6648000000,-74.3502000000,-1098.8900000000,0,784.7340000000,211.1840000000,784.7340000000,211.1840000000,555.6290000000,465.4700000000,229.1040000000,-254.2860000000
option5,2086,56289.6000000000,56568.1000000000,278.4900000000,1052.6740000000,13.7192000000,-1036.9500000000,1245.0738000000,0.0000000000,-1244.9100000000,2297.7478000000,-87.1357000000,-2382.7200000000,0,1898.8200000000,522.0390000000,1898.8200000000,522.0390000000,1244.9100000000,1036.9500000000,653.9050000000,-514.9140000000
option5,2059,15849.9000000000,15889.6000000000,39.6591000000,344.9370000000,6.2666000000,-338.2850000000,412.5680000000,0.0000000000,-413.7720000000,757.5050000000,-42.3877000000,-800.7110000000,0,598.9020000000,166.7060000000,598.9020000000,166.7060000000,413.7720000000,338.2850000000,185.1300000000,-171.5780000000
option5,2037,5195.1800000000,5200.7000000000,5.5275600000,124.9520000000,3.6106700000,-121.6790000000,158.9315000000,0.0000000000,-159.1790000000,283.8835000000,-17.1246000000,-301.5940000000,0,219.7990000000,58.4306000000,219.7990000000,58.4306000000,159.1790000000,121.6790000000,60.6196000000,-63.2486000000
option5,2090,66615.3000000000,67016.4000000000,401.1400000000,1212.5490000000,19.5390000000,-1191.5500000000,1440.4901000000,0.0000000000,-1440.8400000000,2653.0391000000,-135.9760000000,-2787.9000000000,0,2277.0200000000,652.1540000000,2277.0200000000,652.1540000000,1440.8400000000,1191.5500000000,836.1870000000,-539.3960000000
option5,2070,26230.5000000000,26251.7000000000,21.1444000000,556.9600000000,8.2051800000,-547.9200000000,659.2300000000,0.0000000000,-659.3470000000,1216.1900000000,-97.6508000000,-1313.1200000000,0,926.2400000000,245.1430000000,926.2400000000,245.1430000000,659.3470000000,547.9200000000,266.8930000000,-302.7760000000
option5,2056,13833.7000000000,13864.2000000000,30.4850000000,300.5570000000,4.9011900000,-295.7870000000,357.8632000000,0.0000000000,-359.1770000000,658.4202000000,-43.7896000000,-703.6540000000,0,517.6870000000,140.6940000000,517.6870000000,140.6940000000,359.1770000000,295.7870000000,158.5100000000,-155.0930000000
option5,2038,5455.7500000000,5460.5200000000,4.7766900000,131.6650000000,4.1493900000,-127.7930000000,166.8144000000,0.0000000000,-167.1380000000,298.4794000000,-17.1940000000,-316.2750000000,0,230.7480000000,61.5439000000,230.7480000000,61.5439000000,167.1380000000,127.7930000000,63.6096000000,-66.2493000000
option5,2040,5992.0100000000,5991.3000000000,-0.7049910000,145.2740000000,4.1610700000,-141.1550000000,183.6008000000,0.0000000000,-184.3670000000,328.8748000000,-21.4369000000,-351.1200000000,0,252.3740000000,68.1530000000,252.3740000000,68.1530000000,184.3670000000,141.1550000000,68.0065000000,-73.0021000000
option5,2089,63290.6000000000,63661.8000000000,371.1270000000,1170.5710000000,10.5517000000,-1157.7600000000,1385.7077000000,0.0000000000,-1384.9400000000,2556.2787000000,-157.3240000000,-2710.5700000000,0,2178.1200000000,613.4040000000,2178.1200000000,613.4040000000,1384.9400000000,1157.7600000000,793.1810000000,-544.3510000000
option5,2069,25008.3000000000,25025.2000000000,16.9280000000,533.5960000000,2.8059600000,-530.1530000000,635.2060000000,0.0000000000,-635.3410000000,1168.8020000000,-88.5420000000,-1256.8400000000,0,885.8410000000,230.8830000000,885.8410000000,230.8830000000,635.3410000000,530.1530000000,250.5000000000,-299.2700000000
option5,2053,10749.8000000000,10769.2000000000,19.4015000000,262.5120000000,10.8349000000,-251.6670000000,313.4439000000,0.0000000000,-312.2650000000,575.9559000000,-23.6436000000,-598.4110000000,0,451.2690000000,126.6180000000,451.2690000000,126.6180000000,312.2650000000,251.6670000000,139.0030000000,-125.0490000000
option5,2045,7534.1700000000,7553.3500000000,19.1739000000,181.5870000000,8.1623800000,-173.0350000000,225.6672000000,0.0000000000,-225.5000000000,407.2542000000,-17.6184000000,-424.3150000000,0,322.7900000000,89.8663000000,322.7900000000,89.8663000000,225.5000000000,173.0350000000,97.2901000000,-83.1686000000
option5,2087,58898.8000000000,59220.7000000000,321.8630000000,1090.7890000000,20.5905000000,-1068.0900000000,1293.9456000000,0.0000000000,-1293.5600000000,2384.7346000000,-92.6561000000,-2474.8900000000,0,1999.4600000000,571.4720000000,1999.4600000000,571.4720000000,1293.5600000000,1068.0900000000,705.8990000000,-496.6160000000
option5,2067,23158.8000000000,23175.1000000000,16.3000000000,489.6560000000,6.6204900000,-483.0290000000,584.2182000000,0.0000000000,-577.5620000000,1073.8742000000,-79.4476000000,-1146.6600000000,0,823.4940000000,220.7730000000,823.4940000000,220.7730000000,577.5620000000,483.0290000000,245.9320000000,-262.2560000000
option5,2058,15009.9000000000,15043.2000000000,33.3780000000,329.5380000000,1.1743200000,-328.2080000000,393.4703000000,0.0000000000,-394.5430000000,723.0083000000,-48.4553000000,-772.3810000000,0,567.4720000000,153.0490000000,567.4720000000,153.0490000000,394.5430000000,328.2080000000,172.9290000000,-175.1590000000
option5,2036,4969.9300000000,4973.7400000000,3.8107900000,118.3400000000,3.8674200000,-114.8230000000,153.1075000000,0.0000000000,-153.1440000000,271.4475000000,-18.2879000000,-290.1220000000,0,210.1300000000,56.3340000000,210.1300000000,56.3340000000,153.1440000000,114.8230000000,56.9868000000,-58.4891000000
option5,2071,27460.8000000000,27488.9000000000,28.1713000000,581.1500000000,4.4237900000,-575.9360000000,690.3756000000,0.0000000000,-690.3680000000,1271.5256000000,-93.5787000000,-1364.3100000000,0,977.0880000000,249.3800000000,977.0880000000,249.3800000000,690.3680000000,575.9360000000,286.7200000000,-326.5560000000
option5,2091,69588.1000000000,70021.3000000000,433.1720000000,1256.2740000000,18.8759000000,-1236.6400000000,1497.4534000000,0.0000000000,-1498.9600000000,2753.7274000000,-132.9070000000,-2887.3900000000,0,2383.1200000000,686.8420000000,2383.1200000000,686.8420000000,1498.9600000000,1236.6400000000,884.1520000000,-549.7980000000
option5,2082,47814.2000000000,47924.2000000000,109.9750000000,907.9580000000,-19.7380000000,-926.1810000000,1078.1135000000,0.0000000000,-1075.9700000000,1986.0715000000,-160.3000000000,-2142.7100000000,0,1559.0900000000,406.4760000000,1559.0900000000,406.4760000000,1075.9700000000,926.1810000000,483.1270000000,-519.7050000000
option5,2062,18923.8000000000,18954.2000000000,30.3719000000,394.3990000000,3.1864900000,-390.9970000000,470.9474000000,0.0000000000,-472.2380000000,865.3464000000,-51.8882000000,-918.3100000000,0,673.0640000000,182.3530000000,673.0640000000,182.3530000000,472.2380000000,390.9970000000,200.8260000000,-208.6440000000
option5,2074,31603.2000000000,31652.6000000000,49.4353000000,659.8630000000,19.5879000000,-639.2630000000,785.3613000000,0.0000000000,-785.9320000000,1445.2243000000,-81.5866000000,-1526.3700000000,0,1138.4400000000,308.6340000000,1138.4400000000,308.6340000000,785.9320000000,639.2630000000,352.5050000000,-330.6300000000
option5,2094,79062.3000000000,79545.2000000000,482.8630000000,1400.3780000000,-0.8528070000,-1400.2700000000,1667.4112000000,0.0000000000,-1668.6700000000,3067.7892000000,-204.4700000000,-3272.5600000000,0,2657.5800000000,753.8010000000,2657.5800000000,753.8010000000,1668.6700000000,1400.2700000000,988.9080000000,-646.4700000000
option5,2033,4256.8700000000,4275.8800000000,19.0056000000,97.0470000000,4.7506700000,-92.5216000000,128.8882000000,0.0000000000,-128.4260000000,225.9352000000,-11.8445000000,-237.5420000000,0,185.9940000000,51.5082000000,185.9940000000,51.5082000000,128.4260000000,92.5216000000,57.5682000000,-41.0134000000
option5,2052,10214.5000000000,10237.8000000000,23.2913000000,251.0780000000,13.5378000000,-237.5130000000,301.8906000000,0.0000000000,-300.5460000000,552.9686000000,-18.9266000000,-570.5230000000,0,437.0720000000,125.8380000000,437.0720000000,125.8380000000,300.5460000000,237.5130000000,136.5260000000,-111.6750000000
option5,2044,7214.6900000000,7226.5500000000,11.8559000000,173.8540000000,6.9107300000,-166.7440000000,215.2035000000,0.0000000000,-215.3950000000,389.0575000000,-19.3748000000,-408.4250000000,0,304.1720000000,82.9504000000,304.1720000000,82.9504000000,215.3950000000,166.7440000000,88.7771000000,-83.7937000000
option5,2057,14476.1000000000,14507.6000000000,31.5468000000,314.6760000000,2.5046600000,-312.2520000000,375.2580000000,0.0000000000,-376.3420000000,689.9340000000,-47.3180000000,-738.4160000000,0,541.3150000000,146.1150000000,541.3150000000,146.1150000000,376.3420000000,312.2520000000,164.9730000000,-166.1360000000
option5,2039,5708.8200000000,5715.6800000000,6.8601300000,138.4440000000,6.2070600000,-132.4310000000,175.0167000000,0.0000000000,-175.5280000000,313.4607000000,-14.4981000000,-328.6640000000,0,244.5630000000,67.3422000000,244.5630000000,67.3422000000,175.5280000000,132.4310000000,69.0352000000,-65.0886000000
option5,2041,6271.7500000000,6273.6200000000,1.8775300000,152.1750000000,4.0207200000,-148.2360000000,190.5286000000,0.0000000000,-191.3130000000,342.7036000000,-21.3001000000,-364.8700000000,0,262.3650000000,70.1532000000,262.3650000000,70.1532000000,191.3130000000,148.2360000000,71.0520000000,-78.0827000000
option5,2068,24303.3000000000,24319.7000000000,16.4814000000,511.1680000000,2.9398300000,-507.9940000000,606.4433000000,0.0000000000,-605.7440000000,1117.6113000000,-84.4915000000,-1201.1700000000,0,848.6050000000,224.1140000000,848.6050000000,224.1140000000,605.7440000000,507.9940000000,242.8610000000,-283.8800000000
option5,2088,59967.5000000000,60159.9000000000,192.4280000000,1130.0160000000,20.7185000000,-1106.4200000000,1344.8922000000,0.0000000000,-1343.6600000000,2474.9082000000,-287.6730000000,-2758.4800000000,0,2064.8000000000,595.7170000000,2064.8000000000,595.7170000000,1343.6600000000,1106.4200000000,721.1430000000,-510.7070000000
option5,2054,12663.3000000000,12685.2000000000,21.9434000000,274.4690000000,3.2143600000,-271.2440000000,328.6900000000,0.0000000000,-329.6720000000,603.1590000000,-42.8543000000,-646.9840000000,0,472.2800000000,127.4900000000,472.2800000000,127.4900000000,329.6720000000,271.2440000000,142.6080000000,-143.7540000000
option5,2042,6593.4300000000,6599.6400000000,6.2036900000,159.2090000000,5.3595500000,-153.8370000000,197.7290000000,0.0000000000,-198.3410000000,356.9380000000,-20.3025000000,-377.8390000000,0,275.8100000000,73.9529000000,275.8100000000,73.9529000000,198.3410000000,153.8370000000,77.4699000000,-79.8839000000
option5,2098,97276.2000000000,98054.8000000000,778.6140000000,1629.4350000000,16.8793000000,-1610.7100000000,1928.6250000000,0.0000000000,-1929.9600000000,3558.0600000000,-135.1710000000,-3692.7100000000,0,3235.8800000000,954.5390000000,3235.8800000000,954.5390000000,1929.9600000000,1610.7100000000,1305.9200000000,-656.1680000000
option5,2078,39421.5000000000,39519.8000000000,98.3487000000,777.2050000000,7.7210600000,-768.8480000000,919.4100000000,0.0000000000,-920.8840000000,1696.6150000000,-107.6850000000,-1805.1400000000,0,1362.1800000000,369.9680000000,1362.1800000000,369.9680000000,920.8840000000,768.8480000000,441.2980000000,-398.8800000000
option5,2051,9754.0300000000,9770.8100000000,16.7799000000,240.2810000000,9.1903200000,-231.0400000000,287.8848000000,0.0000000000,-286.3460000000,528.1658000000,-27.5360000000,-554.1120000000,0,413.5380000000,115.2410000000,413.5380000000,115.2410000000,286.3460000000,231.0400000000,127.1930000000,-115.7990000000
option5,2029,3301.6600000000,3333.7100000000,32.0531000000,70.7970000000,5.2813000000,-64.7811000000,95.2200000000,0.0000000000,-94.7616000000,166.0170000000,-10.7722000000,-175.5960000000,0,149.9080000000,41.7727000000,149.9080000000,41.7727000000,94.7616000000,64.7811000000,55.1467000000,-23.0083000000
option5,2047,8226.8600000000,8243.5500000000,16.6925000000,197.8510000000,11.1595000000,-186.4150000000,243.0048000000,0.0000000000,-242.1250000000,440.8558000000,-27.5845000000,-467.2840000000,0,351.3600000000,99.0694000000,351.3600000000,99.0694000000,242.1250000000,186.4150000000,109.2340000000,-87.3456000000
option5,2081,46964.2000000000,47081.1000000000,116.8840000000,873.8800000000,-10.3028000000,-882.7120000000,1038.0820000000,0.0000000000,-1038.4500000000,1911.9620000000,-137.1660000000,-2048.0300000000,0,1511.7200000000,395.9460000000,1511.7200000000,395.9460000000,1038.4500000000,882.7120000000,473.2660000000,-486.7670000000
option5,2061,17859.1000000000,17897.3000000000,38.2066000000,377.2930000000,5.7405600000,-371.0140000000,449.2110000000,0.0000000000,-450.4010000000,826.5040000000,-47.3595000000,-874.5140000000,0,650.0300000000,178.4240000000,650.0300000000,178.4240000000,450.4010000000,371.0140000000,199.6300000000,-192.5900000000
option5,2048,8617.8000000000,8631.2500000000,13.4516000000,206.5860000000,8.3698000000,-198.0650000000,254.8190000000,0.0000000000,-253.5510000000,461.4050000000,-32.0834000000,-492.0690000000,0,363.7610000000,100.4410000000,363.7610000000,100.4410000000,253.5510000000,198.0650000000,110.2100000000,-97.6238000000
option5,2030,3538.5600000000,3568.5200000000,29.9653000000,76.5940000000,4.9552900000,-71.7881000000,103.2642000000,0.0000000000,-102.9300000000,179.8582000000,-11.0876000000,-190.7610000000,0,159.3750000000,43.3967000000,159.3750000000,43.3967000000,102.9300000000,71.7881000000,56.4448000000,-28.3915000000
option5,2077,35834.1000000000,35908.0000000000,73.9722000000,746.7770000000,15.2974000000,-730.1400000000,885.7572000000,0.0000000000,-887.4600000000,1632.5342000000,-99.4812000000,-1732.3800000000,0,1300.5700000000,358.2180000000,1300.5700000000,358.2180000000,887.4600000000,730.1400000000,413.1120000000,-371.9210000000
option5,2097,91835.2000000000,92467.6000000000,632.3970000000,1567.8780000000,-25.2856000000,-1590.9900000000,1855.7535000000,0.0000000000,-1857.1700000000,3423.6315000000,-224.7730000000,-3647.6500000000,0,3007.4700000000,846.9690000000,3007.4700000000,846.9690000000,1857.1700000000,1590.9900000000,1150.3000000000,-744.0240000000
option5,2084,50058.8000000000,50169.7000000000,110.9200000000,978.9650000000,-35.3402000000,-1011.9400000000,1163.3745000000,0.0000000000,-1163.4700000000,2142.3395000000,-183.6580000000,-2323.7300000000,0,1670.7400000000,417.5970000000,1670.7400000000,417.5970000000,1163.4700000000,1011.9400000000,507.2710000000,-594.3470000000
option5,2064,20662.7000000000,20686.5000000000,23.7817000000,430.2720000000,1.4370000000,-428.7670000000,512.5514000000,0.0000000000,-512.6800000000,942.8234000000,-64.2145000000,-1007.1000000000,0,725.4870000000,194.1220000000,725.4870000000,194.1220000000,512.6800000000,428.7670000000,212.8070000000,-234.6450000000
option5,2072,28672.2000000000,28713.6000000000,41.4148000000,606.2660000000,9.9941000000,-595.5260000000,722.8816000000,0.0000000000,-722.8600000000,1329.1476000000,-79.6935000000,-1408.0700000000,0,1034.3300000000,271.0940000000,1034.3300000000,271.0940000000,722.8600000000,595.5260000000,311.4720000000,-324.4320000000
option5,2092,72954.1000000000,73411.5000000000,457.4620000000,1302.1010000000,15.2969000000,-1286.3900000000,1542.9568000000,0.0000000000,-1544.6200000000,2845.0578000000,-153.3510000000,-2999.6500000000,0,2463.7900000000,706.2680000000,2463.7900000000,706.2680000000,1544.6200000000,1286.3900000000,919.1730000000,-580.1180000000
option5,2035,4733.3100000000,4742.7100000000,9.3942900000,111.6830000000,4.7076500000,-107.2810000000,145.8450000000,0.0000000000,-145.7060000000,257.5280000000,-13.8527000000,-271.5480000000,0,202.8110000000,55.5366000000,202.8110000000,55.5366000000,145.7060000000,107.2810000000,57.1050000000,-51.7443000000
option5,2079,43014.4000000000,43115.3000000000,100.8820000000,808.5430000000,-9.8037100000,-817.7180000000,962.8605000000,0.0000000000,-963.6350000000,1771.4035000000,-117.5680000000,-1889.1200000000,0,1400.3700000000,366.8790000000,1400.3700000000,366.8790000000,963.6350000000,817.7180000000,436.7400000000,-450.8390000000
option5,2099,99095.7000000000,99891.0000000000,795.3130000000,1694.1870000000,14.0382000000,-1679.1000000000,2022.2384000000,0.0000000000,-2022.1600000000,3716.4254000000,-115.7600000000,-3831.0600000000,0,3366.8800000000,966.8560000000,3366.8800000000,966.8560000000,2022.1600000000,1679.1000000000,1344.7100000000,-712.2420000000
option5,2100,100874.0000000000,101627.0000000000,752.3750000000,1761.5120000000,15.3997000000,-1745.1100000000,2101.2768000000,0.0000000000,-2100.5300000000,3862.7888000000,-217.6660000000,-4078.7000000000,0,3437.8900000000,1000.2500000000,3437.8900000000,1000.2500000000,2100.5300000000,1745.1100000000,1337.3600000000,-744.8540000000
option5,2050,9368.7500000000,9389.3600000000,20.6116000000,230.0260000000,9.1117500000,-220.8570000000,277.3400000000,0.0000000000,-275.6690000000,507.3660000000,-22.6956000000,-528.3330000000,0,397.9480000000,111.2530000000,397.9480000000,111.2530000000,275.6690000000,220.8570000000,122.2780000000,-109.6040000000
option5,2028,3061.2600000000,3093.9400000000,32.6819000000,65.6350000000,4.8366600000,-59.3797000000,88.7607000000,0.0000000000,-88.4947000000,154.3957000000,-11.4999000000,-164.2110000000,0,141.2560000000,39.3652000000,141.2560000000,39.3652000000,88.4947000000,59.3797000000,52.7618000000,-20.0145000000
option5,2046,7879.0100000000,7901.6700000000,22.6644000000,189.5550000000,7.8645700000,-181.3150000000,234.1536000000,0.0000000000,-233.6920000000,423.7086000000,-17.7803000000,-440.6520000000,0,337.7680000000,94.4800000000,337.7680000000,94.4800000000,233.6920000000,181.3150000000,104.0760000000,-86.8347000000
option5,2055,13208.3000000000,13235.1000000000,26.8395000000,287.1610000000,5.5329100000,-281.6230000000,344.6524000000,0.0000000000,-345.5880000000,631.8134000000,-38.6618000000,-671.4050000000,0,495.9860000000,135.4160000000,495.9860000000,135.4160000000,345.5880000000,281.6230000000,150.3980000000,-146.2060000000
option5,2043,6887.1100000000,6894.4400000000,7.3361500000,166.4120000000,5.8983300000,-160.4500000000,207.3660000000,0.0000000000,-207.7200000000,373.7780000000,-20.5276000000,-394.5960000000,0,289.4790000000,77.4986000000,289.4790000000,77.4986000000,207.7200000000,160.4500000000,81.7597000000,-82.9516000000
option5,2065,21472.0000000000,21502.3000000000,30.2838000000,449.2870000000,4.2613800000,-444.5000000000,532.1431000000,0.0000000000,-531.9770000000,981.4301000000,-61.5849000000,-1042.3200000000,0,757.2330000000,205.3480000000,757.2330000000,205.3480000000,531.9770000000,444.5000000000,225.2560000000,-239.1520000000
option5,2085,52607.7000000000,52767.5000000000,159.7300000000,1015.2090000000,-17.2055000000,-1029.8700000000,1208.6960000000,0.0000000000,-1208.7900000000,2223.9050000000,-169.5810000000,-2391.0300000000,0,1769.3200000000,461.2670000000,1769.3200000000,461.2670000000,1208.7900000000,1029.8700000000,560.5320000000,-568.6010000000
option5,2093,76228.5000000000,76686.9000000000,458.3130000000,1350.0090000000,1.8040600000,-1347.2800000000,1604.0080000000,0.0000000000,-1605.8200000000,2954.0170000000,-176.7260000000,-3131.6300000000,0,2549.2200000000,725.8930000000,2549.2200000000,725.8930000000,1605.8200000000,1347.2800000000,943.3960000000,-621.3910000000
option5,2073,30210.4000000000,30288.2000000000,77.8870000000,632.6410000000,29.9503000000,-601.7480000000,750.1200000000,0.0000000000,-750.2580000000,1382.7610000000,-50.5510000000,-1432.5100000000,0,1110.4200000000,310.2140000000,1110.4200000000,310.2140000000,750.2580000000,601.7480000000,360.1600000000,-291.5340000000
option5,2060,16882.7000000000,16927.2000000000,44.4245000000,360.8930000000,7.7849000000,-352.5830000000,428.4384000000,0.0000000000,-429.7410000000,789.3314000000,-43.8237000000,-833.9320000000,0,625.7970000000,176.2260000000,625.7970000000,176.2260000000,429.7410000000,352.5830000000,196.0560000000,-176.3570000000
option5,2080,45245.5000000000,45360.4000000000,114.8960000000,840.7970000000,-3.4108900000,-843.2620000000,999.7295000000,0.0000000000,-1000.6500000000,1840.5265000000,-118.3130000000,-1958.8100000000,0,1461.8100000000,384.4940000000,1461.8100000000,384.4940000000,1000.6500000000,843.2620000000,461.1670000000,-458.7680000000
option5,2049,9012.1900000000,9036.5300000000,24.3452000000,215.7510000000,8.4568300000,-207.2030000000,264.4511000000,0.0000000000,-262.9260000000,480.2021000000,-24.5276000000,-503.1140000000,0,380.4750000000,105.0270000000,380.4750000000,105.0270000000,262.9260000000,207.2030000000,117.5490000000,-102.1760000000
option5,2031,3756.8100000000,3782.8800000000,26.0749000000,83.0360000000,3.7820500000,-79.4009000000,111.7638000000,0.0000000000,-111.3020000000,194.7998000000,-12.0161000000,-206.5010000000,0,167.3990000000,44.8015000000,167.3990000000,44.8015000000,111.3020000000,79.4009000000,56.0968000000,-34.5993000000
option5,2096,85728.0000000000,86326.8000000000,598.8180000000,1509.4420000000,8.1730900000,-1500.0900000000,1801.5760000000,0.0000000000,-1802.8000000000,3311.0180000000,-170.1330000000,-3481.2000000000,0,2913.9300000000,834.9790000000,2913.9300000000,834.9790000000,1802.8000000000,1500.0900000000,1111.1400000000,-665.1140000000
option5,2076,33237.4000000000,33298.3000000000,60.9012000000,717.0490000000,16.3212000000,-699.4530000000,853.4268000000,0.0000000000,-854.7490000000,1570.4758000000,-87.5429000000,-1658.0700000000,0,1240.5100000000,343.8330000000,1240.5100000000,343.8330000000,854.7490000000,699.4530000000,385.7610000000,-355.6200000000
option7,2026,2670.7200000000,2698.0300000000,27.3104000000,52.1990000000,52.4465000000,0.9503040000,76.7901000000,78.2261000000,1.9671500000,128.9891000000,130.6070000000,2.8521800000,0,0.0000000000,0.0000000000,0.0000000000,0.0000000000,0.0000000000,0.0000000000,0.0000000000,0.0000000000
option7,2027,2853.9800000000,2881.7300000000,27.7586000000,60.5690000000,60.4207000000,1.1926800000,82.5517000000,84.0583000000,1.8288000000,143.1207000000,144.4110000000,2.9530100000,0,0.0000000000,0.0000000000,0.0000000000,0.0000000000,0.0000000000,0.0000000000,0.0000000000,0.0000000000
option7,2066,22145.5000000000,22145.5000000000,0.0000000000,469.0500000000,468.9080000000,0.0000000000,557.6148000000,555.6290000000,0.0000000000,1026.6648000000,1024.5400000000,0.0000000000,0,0.0000000000,0.0000000000,0.0000000000,0.0000000000,0.0000000000,0.0000000000,0.0000000000,0.0000000000
option7,2086,56289.6000000000,56289.6000000000,0.0000000000,1052.6740000000,1050.6700000000,0.0000000000,1245.0738000000,1244.9100000000,0.0000000000,2297.7478000000,2295.5900000000,0.0000000000,0,0.0000000000,0.0000000000,0.0000000000,0.0000000000,0.0000000000,0.0000000000,0.0000000000,0.0000000000
option7,2090,66615.3000000000,66615.3000000000,0.0000000000,1212.5490000000,1211.0900000000,0.0000000000,1440.4901000000,1440.8400000000,0.0000000000,2653.0391000000,2651.9300000000,0.0000000000,0,0.0000000000,0.0000000000,0.0000000000,0.0000000000,0.0000000000,0.0000000000,0.0000000000,0.0000000000
option7,2070,26230.5000000000,26230.5000000000,0.0000000000,556.9600000000,556.1250000000,0.0000000000,659.2300000000,659.3470000000,0.0000000000,1216.1900000000,1215.4700000000,0.0000000000,0,0.0000000000,0.0000000000,0.0000000000,0.0000000000,0.0000000000,0.0000000000,0.0000000000,0.0000000000
option7,2037,5195.1800000000,5195.1800000000,0.0000000000,124.9520000000,125.2900000000,0.0000000000,158.9315000000,159.1790000000,0.0000000000,283.8835000000,284.4690000000,0.0000000000,0,0.0000000000,0.0000000000,0.0000000000,0.0000000000,0.0000000000,0.0000000000,0.0000000000,0.0000000000
option7,2059,15849.9000000000,15849.9000000000,0.0000000000,344.9370000000,344.5510000000,0.0000000000,412.5680000000,413.7720000000,0.0000000000,757.5050000000,758.3240000000,0.0000000000,0,0.0000000000,0.0000000000,0.0000000000,0.0000000000,0.0000000000,0.0000000000,0.0000000000,0.0000000000
option7,2063,19827.2000000000,19827.2000000000,0.0000000000,412.0590000000,411.9040000000,0.0000000000,489.0416000000,489.9490000000,0.0000000000,901.1006000000,901.8530000000,0.0000000000,0,0.0000000000,0.0000000000,0.0000000000,0.0000000000,0.0000000000,0.0000000000,0.0000000000,0.0000000000
option7,2083,48748.8000000000,48748.8000000000,0.0000000000,943.0510000000,941.1840000000,0.0000000000,1119.8815000000,1118.8500000000,0.0000000000,2062.9325000000,2060.0400000000,0.0000000000,0,0.0000000000,0.0000000000,0.0000000000,0.0000000000,0.0000000000,0.0000000000,0.0000000000,0.0000000000
option7,2032,4017.0200000000,4017.0200000000,0.0000000000,89.8820000000,90.0369000000,0.0000000000,120.7920000000,120.2900000000,0.0000000000,210.6740000000,210.3270000000,0.0000000000,0,0.0000000000,0.0000000000,0.0000000000,0.0000000000,0.0000000000,0.0000000000,0.0000000000,0.0000000000
option7,2095,81066.3000000000,81066.3000000000,0.0000000000,1453.6660000000,1452.3600000000,0.0000000000,1733.2448000000,1734.4800000000,0.0000000000,3186.9108000000,3186.8400000000,0.0000000000,0,0.0000000000,0.0000000000,0.0000000000,0.0000000000,0.0000000000,0.0000000000,0.0000000000,0.0000000000
option7,2075,32670.6000000000,32670.6000000000,0.0000000000,688.1650000000,686.9850000000,0.0000000000,815.0803000000,815.9030000000,0.0000000000,1503.2453000000,1502.8900000000,0.0000000000,0,0.0000000000,0.0000000000,0.0000000000,0.0000000000,0.0000000000,0.0000000000,0.0000000000,0.0000000000
option7,2053,10749.8000000000,10749.8000000000,0.0000000000,262.5120000000,262.5020000000,0.0000000000,313.4439000000,312.2650000000,0.0000000000,575.9559000000,574.7670000000,0.0000000000,0,0.0000000000,0.0000000000,0.0000000000,0.0000000000,0.0000000000,0.0000000000,0.0000000000,0.0000000000
option7,2045,7534.1700000000,7534.1700000000,0.0000000000,181.5870000000,181.1970000000,0.0000000000,225.6672000000,225.5000000000,0.0000000000,407.2542000000,406.6970000000,0.0000000000,0,0.0000000000,0.0000000000,0.0000000000,0.0000000000,0.0000000000,0.0000000000,0.0000000000,0.0000000000
option7,2038,5455.7500000000,5455.7500000000,0.0000000000,131.6650000000,131.9430000000,0.0000000000,166.8144000000,167.1380000000,0.0000000000,298.4794000000,299.0810000000,0.0000000000,0,0.0000000000,0.0000000000,0.0000000000,0.0000000000,0.0000000000,0.0000000000,0.0000000000,0.0000000000
option7,2056,13833.7000000000,13833.7000000000,0.0000000000,300.5570000000,300.6880000000,0.0000000000,357.8632000000,359.1770000000,0.0000000000,658.4202000000,659.8650000000,0.0000000000,0,0.0000000000,0.0000000000,0.0000000000,0.0000000000,0.0000000000,0.0000000000,0.0000000000,0.0000000000
option7,2089,63290.6000000000,63290.6000000000,0.0000000000,1170.5710000000,1168.3100000000,0.0000000000,1385.7077000000,1384.9400000000,0.0000000000,2556.2787000000,2553.2500000000,0.0000000000,0,0.0000000000,0.0000000000,0.0000000000,0.0000000000,0.0000000000,0.0000000000,0.0000000000,0.0000000000
option7,2069,25008.3000000000,25008.3000000000,0.0000000000,533.5960000000,532.9590000000,0.0000000000,635.2060000000,635.3410000000,0.0000000000,1168.8020000000,1168.3000000000,0.0000000000,0,0.0000000000,0.0000000000,0.0000000000,0.0000000000,0.0000000000,0.0000000000,0.0000000000,0.0000000000
option7,2040,5992.0100000000,5992.0100000000,0.0000000000,145.2740000000,145.3160000000,0.0000000000,183.6008000000,184.3670000000,0.0000000000,328.8748000000,329.6830000000,0.0000000000,0,0.0000000000,0.0000000000,0.0000000000,0.0000000000,0.0000000000,0.0000000000,0.0000000000,0.0000000000
option7,2082,47814.2000000000,47814.2000000000,0.0000000000,907.9580000000,906.4430000000,0.0000000000,1078.1135000000,1075.9700000000,0.0000000000,1986.0715000000,1982.4100000000,0.0000000000,0,0.0000000000,0.0000000000,0.0000000000,0.0000000000,0.0000000000,0.0000000000,0.0000000000,0.0000000000
option7,2062,18923.8000000000,18923.8000000000,0.0000000000,394.3990000000,394.1840000000,0.0000000000,470.9474000000,472.2380000000,0.0000000000,865.3464000000,866.4210000000,0.0000000000,0,0.0000000000,0.0000000000,0.0000000000,0.0000000000,0.0000000000,0.0000000000,0.0000000000,0.0000000000
option7,2033,4256.8700000000,4256.8700000000,0.0000000000,97.0470000000,97.2722000000,0.0000000000,128.8882000000,128.4260000000,0.0000000000,225.9352000000,225.6980000000,0.0000000000,0,0.0000000000,0.0000000000,0.0000000000,0.0000000000,0.0000000000,0.0000000000,0.0000000000,0.0000000000
option7,2074,31603.2000000000,31603.2000000000,0.0000000000,659.8630000000,658.8510000000,0.0000000000,785.3613000000,785.9320000000,0.0000000000,1445.2243000000,1444.7800000000,0.0000000000,0,0.0000000000,0.0000000000,0.0000000000,0.0000000000,0.0000000000,0.0000000000,0.0000000000,0.0000000000
option7,2094,79062.3000000000,79062.3000000000,0.0000000000,1400.3780000000,1399.4200000000,0.0000000000,1667.4112000000,1668.6700000000,0.0000000000,3067.7892000000,3068.0900000000,0.0000000000,0,0.0000000000,0.0000000000,0.0000000000,0.0000000000,0.0000000000,0.0000000000,0.0000000000,0.0000000000
option7,2087,58898.8000000000,58898.8000000000,0.0000000000,1090.7890000000,1088.6800000000,0.0000000000,1293.9456000000,1293.5600000000,0.0000000000,2384.7346000000,2382.2400000000,0.0000000000,0,0.0000000000,0.0000000000,0.0000000000,0.0000000000,0.0000000000,0.0000000000,0.0000000000,0.0000000000
option7,2067,23158.8000000000,23158.8000000000,0.0000000000,489.6560000000,489.6500000000,0.0000000000,584.2182000000,577.5620000000,0.0000000000,1073.8742000000,1067.2100000000,0.0000000000,0,0.0000000000,0.0000000000,0.0000000000,0.0000000000,0.0000000000,0.0000000000,0.0000000000,0.0000000000
option7,2071,27460.8000000000,27460.8000000000,0.0000000000,581.1500000000,580.3600000000,0.0000000000,690.3756000000,690.3680000000,0.0000000000,1271.5256000000,1270.7300000000,0.0000000000,0,0.0000000000,0.0000000000,0.0000000000,0.0000000000,0.0000000000,0.0000000000,0.0000000000,0.0000000000
option7,2091,69588.1000000000,69588.1000000000,0.0000000000,1256.2740000000,1255.5200000000,0.0000000000,1497.4534000000,1498.9600000000,0.0000000000,2753.7274000000,2754.4800000000,0.0000000000,0,0.0000000000,0.0000000000,0.0000000000,0.0000000000,0.0000000000,0.0000000000,0.0000000000,0.0000000000
option7,2036,4969.9300000000,4969.9300000000,0.0000000000,118.3400000000,118.6910000000,0.0000000000,153.1075000000,153.1440000000,0.0000000000,271.4475000000,271.8340000000,0.0000000000,0,0.0000000000,0.0000000000,0.0000000000,0.0000000000,0.0000000000,0.0000000000,0.0000000000,0.0000000000
option7,2058,15009.9000000000,15009.9000000000,0.0000000000,329.5380000000,329.3820000000,0.0000000000,393.4703000000,394.5430000000,0.0000000000,723.0083000000,723.9250000000,0.0000000000,0,0.0000000000,0.0000000000,0.0000000000,0.0000000000,0.0000000000,0.0000000000,0.0000000000,0.0000000000
option7,2039,5708.8200000000,5708.8200000000,0.0000000000,138.4440000000,138.6380000000,0.0000000000,175.0167000000,175.5280000000,0.0000000000,313.4607000000,314.1660000000,0.0000000000,0,0.0000000000,0.0000000000,0.0000000000,0.0000000000,0.0000000000,0.0000000000,0.0000000000,0.0000000000
option7,2057,14476.1000000000,14476.1000000000,0.0000000000,314.6760000000,314.7560000000,0.0000000000,375.2580000000,376.3420000000,0.0000000000,689.9340000000,691.0980000000,0.0000000000,0,0.0000000000,0.0000000000,0.0000000000,0.0000000000,0.0000000000,0.0000000000,0.0000000000,0.0000000000
option7,2068,24303.3000000000,24303.3000000000,0.0000000000,511.1680000000,510.9340000000,0.0000000000,606.4433000000,605.7440000000,0.0000000000,1117.6113000000,1116.6800000000,0.0000000000,0,0.0000000000,0.0000000000,0.0000000000,0.0000000000,0.0000000000,0.0000000000,0.0000000000,0.0000000000
option7,2088,59967.5000000000,59967.5000000000,0.0000000000,1130.0160000000,1127.1400000000,0.0000000000,1344.8922000000,1343.6600000000,0.0000000000,2474.9082000000,2470.8000000000,0.0000000000,0,0.0000000000,0.0000000000,0.0000000000,0.0000000000,0.0000000000,0.0000000000,0.0000000000,0.0000000000
option7,2041,6271.7500000000,6271.7500000000,0.0000000000,152.1750000000,152.2570000000,0.0000000000,190.5286000000,191.3130000000,0.0000000000,342.7036000000,343.5700000000,0.0000000000,0,0.0000000000,0.0000000000,0.0000000000,0.0000000000,0.0000000000,0.0000000000,0.0000000000,0.0000000000
option7,2052,10214.5000000000,10214.5000000000,0.0000000000,251.0780000000,251.0510000000,0.0000000000,301.8906000000,300.5460000000,0.0000000000,552.9686000000,551.5960000000,0.0000000000,0,0.0000000000,0.0000000000,0.0000000000,0.0000000000,0.0000000000,0.0000000000,0.0000000000,0.0000000000
option7,2044,7214.6900000000,7214.6900000000,0.0000000000,173.8540000000,173.6550000000,0.0000000000,215.2035000000,215.3950000000,0.0000000000,389.0575000000,389.0500000000,0.0000000000,0,0.0000000000,0.0000000000,0.0000000000,0.0000000000,0.0000000000,0.0000000000,0.0000000000,0.0000000000
option7,2051,9754.0300000000,9754.0300000000,0.0000000000,240.2810000000,240.2300000000,0.0000000000,287.8848000000,286.3460000000,0.0000000000,528.1658000000,526.5760000000,0.0000000000,0,0.0000000000,0.0000000000,0.0000000000,0.0000000000,0.0000000000,0.0000000000,0.0000000000,0.0000000000
option7,2098,97276.2000000000,97276.2000000000,0.0000000000,1629.4350000000,1627.5900000000,0.0000000000,1928.6250000000,1929.9600000000,0.0000000000,3558.0600000000,3557.5400000000,0.0000000000,0,0.0000000000,0.0000000000,0.0000000000,0.0000000000,0.0000000000,0.0000000000,0.0000000000,0.0000000000
option7,2078,39421.5000000000,39421.5000000000,0.0000000000,777.2050000000,776.5690000000,0.0000000000,919.4100000000,920.8840000000,0.0000000000,1696.6150000000,1697.4500000000,0.0000000000,0,0.0000000000,0.0000000000,0.0000000000,0.0000000000,0.0000000000,0.0000000000,0.0000000000,0.0000000000
option7,2047,8226.8600000000,8226.8600000000,0.0000000000,197.8510000000,197.5750000000,0.0000000000,243.0048000000,242.1250000000,0.0000000000,440.8558000000,439.7000000000,0.0000000000,0,0.0000000000,0.0000000000,0.0000000000,0.0000000000,0.0000000000,0.0000000000,0.0000000000,0.0000000000
option7,2029,3301.6600000000,3301.6600000000,0.0000000000,70.7970000000,70.0624000000,0.0000000000,95.2200000000,94.7616000000,0.0000000000,166.0170000000,164.8240000000,0.0000000000,0,0.0000000000,0.0000000000,0.0000000000,0.0000000000,0.0000000000,0.0000000000,0.0000000000,0.0000000000
option7,2054,12663.3000000000,12663.3000000000,0.0000000000,274.4690000000,274.4580000000,0.0000000000,328.6900000000,329.6720000000,0.0000000000,603.1590000000,604.1300000000,0.0000000000,0,0.0000000000,0.0000000000,0.0000000000,0.0000000000,0.0000000000,0.0000000000,0.0000000000,0.0000000000
option7,2042,6593.4300000000,6593.4300000000,0.0000000000,159.2090000000,159.1960000000,0.0000000000,197.7290000000,198.3410000000,0.0000000000,356.9380000000,357.5370000000,0.0000000000,0,0.0000000000,0.0000000000,0.0000000000,0.0000000000,0.0000000000,0.0000000000,0.0000000000,0.0000000000
option7,2084,50058.8000000000,50058.8000000000,0.0000000000,978.9650000000,976.6040000000,0.0000000000,1163.3745000000,1163.4700000000,0.0000000000,2142.3395000000,2140.0700000000,0.0000000000,0,0.0000000000,0.0000000000,0.0000000000,0.0000000000,0.0000000000,0.0000000000,0.0000000000,0.0000000000
option7,2064,20662.7000000000,20662.7000000000,0.0000000000,430.2720000000,430.2040000000,0.0000000000,512.5514000000,512.6800000000,0.0000000000,942.8234000000,942.8840000000,0.0000000000,0,0.0000000000,0.0000000000,0.0000000000,0.0000000000,0.0000000000,0.0000000000,0.0000000000,0.0000000000
option7,2035,4733.3100000000,4733.3100000000,0.0000000000,111.6830000000,111.9890000000,0.0000000000,145.8450000000,145.7060000000,0.0000000000,257.5280000000,257.6950000000,0.0000000000,0,0.0000000000,0.0000000000,0.0000000000,0.0000000000,0.0000000000,0.0000000000,0.0000000000,0.0000000000
option7,2072,28672.2000000000,28672.2000000000,0.0000000000,606.2660000000,605.5200000000,0.0000000000,722.8816000000,722.8600000000,0.0000000000,1329.1476000000,1328.3800000000,0.0000000000,0,0.0000000000,0.0000000000,0.0000000000,0.0000000000,0.0000000000,0.0000000000,0.0000000000,0.0000000000
option7,2092,72954.1000000000,72954.1000000000,0.0000000000,1302.1010000000,1301.6800000000,0.0000000000,1542.9568000000,1544.6200000000,0.0000000000,2845.0578000000,2846.3000000000,0.0000000000,0,0.0000000000,0.0000000000,0.0000000000,0.0000000000,0.0000000000,0.0000000000,0.0000000000,0.0000000000
option7,2048,8617.8000000000,8617.8000000000,0.0000000000,206.5860000000,206.4340000000,0.0000000000,254.8190000000,253.5510000000,0.0000000000,461.4050000000,459.9860000000,0.0000000000,0,0.0000000000,0.0000000000,0.0000000000,0.0000000000,0.0000000000,0.0000000000,0.0000000000,0.0000000000
option7,2081,46964.2000000000,46964.2000000000,0.0000000000,873.8800000000,872.4100000000,0.0000000000,1038.0820000000,1038.4500000000,0.0000000000,1911.9620000000,1910.8600000000,0.0000000000,0,0.0000000000,0.0000000000,0.0000000000,0.0000000000,0.0000000000,0.0000000000,0.0000000000,0.0000000000
option7,2061,17859.1000000000,17859.1000000000,0.0000000000,377.2930000000,376.7540000000,0.0000000000,449.2110000000,450.4010000000,0.0000000000,826.5040000000,827.1550000000,0.0000000000,0,0.0000000000,0.0000000000,0.0000000000,0.0000000000,0.0000000000,0.0000000000,0.0000000000,0.0000000000
option7,2077,35834.1000000000,35834.1000000000,0.0000000000,746.7770000000,745.4370000000,0.0000000000,885.7572000000,887.4600000000,0.0000000000,1632.5342000000,1632.9000000000,0.0000000000,0,0.0000000000,0.0000000000,0.0000000000,0.0000000000,0.0000000000,0.0000000000,0.0000000000,0.0000000000
option7,2097,91835.2000000000,91835.2000000000,0.0000000000,1567.8780000000,1565.7100000000,0.0000000000,1855.7535000000,1857.1700000000,0.0000000000,3423.6315000000,3422.8800000000,0.0000000000,0,0.0000000000,0.0000000000,0.0000000000,0.0000000000,0.0000000000,0.0000000000,0.0000000000,0.0000000000
option7,2030,3538.5600000000,3538.5600000000,0.0000000000,76.5940000000,76.7434000000,0.0000000000,103.2642000000,102.9300000000,0.0000000000,179.8582000000,179.6730000000,0.0000000000,0,0.0000000000,0.0000000000,0.0000000000,0.0000000000,0.0000000000,0.0000000000,0.0000000000,0.0000000000
option7,2055,13208.3000000000,13208.3000000000,0.0000000000,287.1610000000,287.1560000000,0.0000000000,344.6524000000,345.5880000000,0.0000000000,631.8134000000,632.7440000000,0.0000000000,0,0.0000000000,0.0000000000,0.0000000000,0.0000000000,0.0000000000,0.0000000000,0.0000000000,0.0000000000
option7,2043,6887.1100000000,6887.1100000000,0.0000000000,166.4120000000,166.3480000000,0.0000000000,207.3660000000,207.7200000000,0.0000000000,373.7780000000,374.0680000000,0.0000000000,0,0.0000000000,0.0000000000,0.0000000000,0.0000000000,0.0000000000,0.0000000000,0.0000000000,0.0000000000
option7,2050,9368.7500000000,9368.7500000000,0.0000000000,230.0260000000,229.9690000000,0.0000000000,277.3400000000,275.6690000000,0.0000000000,507.3660000000,505.6380000000,0.0000000000,0,0.0000000000,0.0000000000,0.0000000000,0.0000000000,0.0000000000,0.0000000000,0.0000000000,0.0000000000
option7,2100,100874.0000000000,100874.0000000000,0.0000000000,1761.5120000000,1760.5100000000,0.0000000000,2101.2768000000,2100.5300000000,0.0000000000,3862.7888000000,3861.0300000000,0.0000000000,0,0.0000000000,0.0000000000,0.0000000000,0.0000000000,0.0000000000,0.0000000000,0.0000000000,0.0000000000
option7,2079,43014.4000000000,43014.4000000000,0.0000000000,808.5430000000,807.9140000000,0.0000000000,962.8605000000,963.6350000000,0.0000000000,1771.4035000000,1771.5500000000,0.0000000000,0,0.0000000000,0.0000000000,0.0000000000,0.0000000000,0.0000000000,0.0000000000,0.0000000000,0.0000000000
option7,2099,99095.7000000000,99095.7000000000,0.0000000000,1694.1870000000,1693.1400000000,0.0000000000,2022.2384000000,2022.1600000000,0.0000000000,3716.4254000000,3715.3000000000,0.0000000000,0,0.0000000000,0.0000000000,0.0000000000,0.0000000000,0.0000000000,0.0000000000,0.0000000000,0.0000000000
option7,2046,7879.0100000000,7879.0100000000,0.0000000000,189.5550000000,189.1790000000,0.0000000000,234.1536000000,233.6920000000,0.0000000000,423.7086000000,422.8710000000,0.0000000000,0,0.0000000000,0.0000000000,0.0000000000,0.0000000000,0.0000000000,0.0000000000,0.0000000000,0.0000000000
option7,2028,3061.2600000000,3089.8800000000,28.6220000000,65.6350000000,65.8766000000,1.6602900000,88.7607000000,90.3148000000,1.8201200000,154.3957000000,156.0900000000,3.3789000000,0,0.0000000000,0.0000000000,0.0000000000,0.0000000000,0.0000000000,0.0000000000,0.0000000000,0.0000000000
option7,2049,9012.1900000000,9012.1900000000,0.0000000000,215.7510000000,215.6600000000,0.0000000000,264.4511000000,262.9260000000,0.0000000000,480.2021000000,478.5860000000,0.0000000000,0,0.0000000000,0.0000000000,0.0000000000,0.0000000000,0.0000000000,0.0000000000,0.0000000000,0.0000000000
option7,2060,16882.7000000000,16882.7000000000,0.0000000000,360.8930000000,360.3680000000,0.0000000000,428.4384000000,429.7410000000,0.0000000000,789.3314000000,790.1080000000,0.0000000000,0,0.0000000000,0.0000000000,0.0000000000,0.0000000000,0.0000000000,0.0000000000,0.0000000000,0.0000000000
option7,2080,45245.5000000000,45245.5000000000,0.0000000000,840.7970000000,839.8510000000,0.0000000000,999.7295000000,1000.6500000000,0.0000000000,1840.5265000000,1840.5000000000,0.0000000000,0,0.0000000000,0.0000000000,0.0000000000,0.0000000000,0.0000000000,0.0000000000,0.0000000000,0.0000000000
option7,2096,85728.0000000000,85728.0000000000,0.0000000000,1509.4420000000,1508.2700000000,0.0000000000,1801.5760000000,1802.8000000000,0.0000000000,3311.0180000000,3311.0600000000,0.0000000000,0,0.0000000000,0.0000000000,0.0000000000,0.0000000000,0.0000000000,0.0000000000,0.0000000000,0.0000000000
option7,2076,33237.4000000000,33237.4000000000,0.0000000000,717.0490000000,715.7740000000,0.0000000000,853.4268000000,854.7490000000,0.0000000000,1570.4758000000,1570.5200000000,0.0000000000,0,0.0000000000,0.0000000000,0.0000000000,0.0000000000,0.0000000000,0.0000000000,0.0000000000,0.0000000000
option7,2031,3756.8100000000,3756.8100000000,0.0000000000,83.0360000000,83.1829000000,0.0000000000,111.7638000000,111.3020000000,0.0000000000,194.7998000000,194.4850000000,0.0000000000,0,0.0000000000,0.0000000000,0.0000000000,0.0000000000,0.0000000000,0.0000000000,0.0000000000,0.0000000000
option7,2065,21472.0000000000,21472.0000000000,0.0000000000,449.2870000000,448.7610000000,0.0000000000,532.1431000000,531.9770000000,0.0000000000,981.4301000000,980.7380000000,0.0000000000,0,0.0000000000,0.0000000000,0.0000000000,0.0000000000,0.0000000000,0.0000000000,0.0000000000,0.0000000000
option7,2085,52607.7000000000,52607.7000000000,0.0000000000,1015.2090000000,1012.6600000000,0.0000000000,1208.6960000000,1208.7900000000,0.0000000000,2223.9050000000,2221.4500000000,0.0000000000,0,0.0000000000,0.0000000000,0.0000000000,0.0000000000,0.0000000000,0.0000000000,0.0000000000,0.0000000000
option7,2034,4503.4000000000,4503.4000000000,0.0000000000,104.5210000000,104.7690000000,0.0000000000,138.7866000000,138.4610000000,0.0000000000,243.3076000000,243.2300000000,0.0000000000,0,0.0000000000,0.0000000000,0.0000000000,0.0000000000,0.0000000000,0.0000000000,0.0000000000,0.0000000000
option7,2093,76228.5000000000,76228.5000000000,0.0000000000,1350.0090000000,1349.0900000000,0.0000000000,1604.0080000000,1605.8200000000,0.0000000000,2954.0170000000,2954.9100000000,0.0000000000,0,0.0000000000,0.0000000000,0.0000000000,0.0000000000,0.0000000000,0.0000000000,0.0000000000,0.0000000000
option7,2073,30210.4000000000,30210.4000000000,0.0000000000,632.6410000000,631.6980000000,0.0000000000,750.1200000000,750.2580000000,0.0000000000,1382.7610000000,1381.9600000000,0.0000000000,0,0.0000000000,0.0000000000,0.0000000000,0.0000000000,0.0000000000,0.0000000000,0.0000000000,0.0000000000
option8,2027,2853.9800000000,2917.5500000000,63.5722000000,60.5690000000,117.7120000000,58.4839000000,82.5517000000,87.3192000000,5.0896700000,143.1207000000,205.0300000000,63.5722000000,0,0.0000000000,0.0000000000,0.0000000000,0.0000000000,0.0000000000,0.0000000000,0.0000000000,0.0000000000
option8,2026,2670.7200000000,2733.1100000000,62.3887000000,52.1990000000,108.7150000000,57.2185000000,76.7901000000,81.4293000000,5.1703500000,128.9891000000,190.1440000000,62.3887000000,0,0.0000000000,0.0000000000,0.0000000000,0.0000000000,0.0000000000,0.0000000000,0.0000000000,0.0000000000
option8,2088,59967.5000000000,60425.1000000000,457.5640000000,1130.0160000000,1550.2500000000,423.1050000000,1344.8922000000,1378.1400000000,34.4815000000,2474.9082000000,2928.3700000000,457.5640000000,0,0.0000000000,0.0000000000,0.0000000000,0.0000000000,0.0000000000,0.0000000000,0.0000000000,0.0000000000
option8,2068,24303.3000000000,24527.8000000000,224.5390000000,511.1680000000,721.7230000000,210.7900000000,606.4433000000,619.4850000000,13.7412000000,1117.6113000000,1341.2200000000,224.5390000000,0,0.0000000000,0.0000000000,0.0000000000,0.0000000000,0.0000000000,0.0000000000,0.0000000000,0.0000000000
option8,2041,6271.7500000000,6402.7500000000,131.0040000000,152.1750000000,270.9820000000,118.7260000000,190.5286000000,203.5930000000,12.2793000000,342.7036000000,474.5740000000,131.0040000000,0,0.0000000000,0.0000000000,0.0000000000,0.0000000000,0.0000000000,0.0000000000,0.0000000000,0.0000000000
option8,2039,5708.8200000000,5830.0200000000,121.1980000000,138.4440000000,249.0300000000,110.3930000000,175.0167000000,187.5930000000,12.0655000000,313.4607000000,435.3640000000,121.1980000000,0,0.0000000000,0.0000000000,0.0000000000,0.0000000000,0.0000000000,0.0000000000,0.0000000000,0.0000000000
option8,2057,14476.1000000000,14650.8000000000,174.6520000000,314.6760000000,471.9920000000,157.2360000000,375.2580000000,393.7600000000,17.4179000000,689.9340000000,865.7500000000,174.6520000000,0,0.0000000000,0.0000000000,0.0000000000,0.0000000000,0.0000000000,0.0000000000,0.0000000000,0.0000000000
option8,2044,7214.6900000000,7359.1900000000,144.4980000000,173.8540000000,305.9190000000,132.2640000000,215.2035000000,227.6380000000,12.2427000000,389.0575000000,533.5480000000,144.4980000000,0,0.0000000000,0.0000000000,0.0000000000,0.0000000000,0.0000000000,0.0000000000,0.0000000000,0.0000000000
option8,2052,10214.5000000000,10392.0000000000,177.5060000000,251.0780000000,418.8720000000,167.8220000000,301.8906000000,310.2280000000,9.6820300000,552.9686000000,729.1020000000,177.5060000000,0,0.0000000000,0.0000000000,0.0000000000,0.0000000000,0.0000000000,0.0000000000,0.0000000000,0.0000000000
option8,2094,79062.3000000000,79583.1000000000,520.7610000000,1400.3780000000,1874.5300000000,475.1130000000,1667.4112000000,1713.1300000000,44.4638000000,3067.7892000000,3588.8500000000,520.7610000000,0,0.0000000000,0.0000000000,0.0000000000,0.0000000000,0.0000000000,0.0000000000,0.0000000000,0.0000000000
option8,2074,31603.2000000000,31882.6000000000,279.3600000000,659.8630000000,924.5810000000,265.7290000000,785.3613000000,799.5660000000,13.6340000000,1445.2243000000,1724.1400000000,279.3600000000,0,0.0000000000,0.0000000000,0.0000000000,0.0000000000,0.0000000000,0.0000000000,0.0000000000,0.0000000000
option8,2033,4256.8700000000,4358.1400000000,101.2720000000,97.0470000000,187.1980000000,89.9257000000,128.8882000000,139.7750000000,11.3494000000,225.9352000000,326.9690000000,101.2720000000,0,0.0000000000,0.0000000000,0.0000000000,0.0000000000,0.0000000000,0.0000000000,0.0000000000,0.0000000000
option8,2062,18923.8000000000,19129.7000000000,205.8710000000,394.3990000000,583.3180000000,189.1350000000,470.9474000000,488.9750000000,16.7372000000,865.3464000000,1072.2900000000,205.8710000000,0,0.0000000000,0.0000000000,0.0000000000,0.0000000000,0.0000000000,0.0000000000,0.0000000000,0.0000000000
option8,2082,47814.2000000000,48188.8000000000,374.6000000000,907.9580000000,1260.5700000000,354.1270000000,1078.1135000000,1096.4800000000,20.5105000000,1986.0715000000,2357.0100000000,374.6000000000,0,0.0000000000,0.0000000000,0.0000000000,0.0000000000,0.0000000000,0.0000000000,0.0000000000,0.0000000000
option8,2036,4969.9300000000,5080.9900000000,111.0620000000,118.3400000000,218.4430000000,99.7526000000,153.1075000000,164.4540000000,11.3102000000,271.4475000000,382.8960000000,111.0620000000,0,0.0000000000,0.0000000000,0.0000000000,0.0000000000,0.0000000000,0.0000000000,0.0000000000,0.0000000000
option8,2091,69588.1000000000,70072.5000000000,484.3640000000,1256.2740000000,1700.7100000000,445.1960000000,1497.4534000000,1538.1300000000,39.1704000000,2753.7274000000,3238.8400000000,484.3640000000,0,0.0000000000,0.0000000000,0.0000000000,0.0000000000,0.0000000000,0.0000000000,0.0000000000,0.0000000000
option8,2071,27460.8000000000,27686.9000000000,226.1810000000,581.1500000000,794.4190000000,214.0580000000,690.3756000000,702.4930000000,12.1246000000,1271.5256000000,1496.9100000000,226.1810000000,0,0.0000000000,0.0000000000,0.0000000000,0.0000000000,0.0000000000,0.0000000000,0.0000000000,0.0000000000
option8,2058,15009.9000000000,15192.2000000000,182.3580000000,329.5380000000,494.3980000000,165.0160000000,393.4703000000,411.8870000000,17.3435000000,723.0083000000,906.2830000000,182.3580000000,0,0.0000000000,0.0000000000,0.0000000000,0.0000000000,0.0000000000,0.0000000000,0.0000000000,0.0000000000
option8,2067,23158.8000000000,23389.5000000000,230.7530000000,489.6560000000,705.5250000000,215.8750000000,584.2182000000,592.4370000000,14.8757000000,1073.8742000000,1297.9600000000,230.7530000000,0,0.0000000000,0.0000000000,0.0000000000,0.0000000000,0.0000000000,0.0000000000,0.0000000000,0.0000000000
option8,2087,58898.8000000000,59327.9000000000,429.0340000000,1090.7890000000,1482.1400000000,393.4640000000,1293.9456000000,1326.7800000000,33.2229000000,2384.7346000000,2811.2700000000,429.0340000000,0,0.0000000000,0.0000000000,0.0000000000,0.0000000000,0.0000000000,0.0000000000,0.0000000000,0.0000000000
option8,2045,7534.1700000000,7685.3700000000,151.2030000000,181.5870000000,320.6560000000,139.4590000000,225.6672000000,237.2600000000,11.7600000000,407.2542000000,557.9000000000,151.2030000000,0,0.0000000000,0.0000000000,0.0000000000,0.0000000000,0.0000000000,0.0000000000,0.0000000000,0.0000000000
option8,2053,10749.8000000000,10936.5000000000,186.7170000000,262.5120000000,438.7140000000,176.2120000000,313.4439000000,322.7710000000,10.5053000000,575.9559000000,761.4840000000,186.7170000000,0,0.0000000000,0.0000000000,0.0000000000,0.0000000000,0.0000000000,0.0000000000,0.0000000000,0.0000000000
option8,2069,25008.3000000000,25236.6000000000,228.2950000000,533.5960000000,748.6910000000,215.7320000000,635.2060000000,647.9050000000,12.5646000000,1168.8020000000,1396.5900000000,228.2950000000,0,0.0000000000,0.0000000000,0.0000000000,0.0000000000,0.0000000000,0.0000000000,0.0000000000,0.0000000000
option8,2089,63290.6000000000,63741.8000000000,451.1470000000,1170.5710000000,1584.0500000000,415.7430000000,1385.7077000000,1420.3500000000,35.4084000000,2556.2787000000,3004.3900000000,451.1470000000,0,0.0000000000,0.0000000000,0.0000000000,0.0000000000,0.0000000000,0.0000000000,0.0000000000,0.0000000000
option8,2040,5992.0100000000,6120.2700000000,128.2570000000,145.2740000000,261.3200000000,116.0040000000,183.6008000000,196.6410000000,12.2738000000,328.8748000000,457.9400000000,128.2570000000,0,0.0000000000,0.0000000000,0.0000000000,0.0000000000,0.0000000000,0.0000000000,0.0000000000,0.0000000000
option8,2038,5455.7500000000,5573.5400000000,117.7940000000,131.6650000000,237.9270000000,105.9850000000,166.8144000000,178.9480000000,11.8097000000,298.4794000000,416.8750000000,117.7940000000,0,0.0000000000,0.0000000000,0.0000000000,0.0000000000,0.0000000000,0.0000000000,0.0000000000,0.0000000000
option8,2056,13833.7000000000,14000.4000000000,166.6840000000,300.5570000000,449.9370000000,149.2490000000,357.8632000000,376.6140000000,17.4369000000,658.4202000000,826.5490000000,166.6840000000,0,0.0000000000,0.0000000000,0.0000000000,0.0000000000,0.0000000000,0.0000000000,0.0000000000,0.0000000000
option8,2037,5195.1800000000,5309.7000000000,114.5230000000,124.9520000000,228.2190000000,102.9290000000,158.9315000000,170.7740000000,11.5943000000,283.8835000000,398.9920000000,114.5230000000,0,0.0000000000,0.0000000000,0.0000000000,0.0000000000,0.0000000000,0.0000000000,0.0000000000,0.0000000000
option8,2070,26230.5000000000,26462.0000000000,231.4460000000,556.9600000000,775.4830000000,219.3580000000,659.2300000000,671.4680000000,12.1203000000,1216.1900000000,1446.9200000000,231.4460000000,0,0.0000000000,0.0000000000,0.0000000000,0.0000000000,0.0000000000,0.0000000000,0.0000000000,0.0000000000
option8,2090,66615.3000000000,67083.1000000000,467.8010000000,1212.5490000000,1641.6900000000,430.6010000000,1440.4901000000,1478.2900000000,37.4562000000,2653.0391000000,3119.7300000000,467.8010000000,0,0.0000000000,0.0000000000,0.0000000000,0.0000000000,0.0000000000,0.0000000000,0.0000000000,0.0000000000
option8,2059,15849.9000000000,16046.1000000000,196.2200000000,344.9370000000,523.2250000000,178.6740000000,412.5680000000,431.3200000000,17.5476000000,757.5050000000,954.5440000000,196.2200000000,0,0.0000000000,0.0000000000,0.0000000000,0.0000000000,0.0000000000,0.0000000000,0.0000000000,0.0000000000
option8,2086,56289.6000000000,56697.9000000000,408.3040000000,1052.6740000000,1428.7600000000,378.0850000000,1245.0738000000,1275.1400000000,30.2216000000,2297.7478000000,2703.8900000000,408.3040000000,0,0.0000000000,0.0000000000,0.0000000000,0.0000000000,0.0000000000,0.0000000000,0.0000000000,0.0000000000
option8,2066,22145.5000000000,22359.8000000000,214.3920000000,469.0500000000,668.0330000000,199.1250000000,557.6148000000,570.9180000000,15.2885000000,1026.6648000000,1238.9300000000,214.3920000000,0,0.0000000000,0.0000000000,0.0000000000,0.0000000000,0.0000000000,0.0000000000,0.0000000000,0.0000000000
option8,2075,32670.6000000000,32952.1000000000,281.5860000000,688.1650000000,954.4970000000,267.5110000000,815.0803000000,830.0210000000,14.1178000000,1503.2453000000,1784.4700000000,281.5860000000,0,0.0000000000,0.0000000000,0.0000000000,0.0000000000,0.0000000000,0.0000000000,0.0000000000,0.0000000000
option8,2095,81066.3000000000,81622.8000000000,556.5450000000,1453.6660000000,1962.9900000000,510.6290000000,1733.2448000000,1780.2200000000,45.7345000000,3186.9108000000,3743.3800000000,556.5450000000,0,0.0000000000,0.0000000000,0.0000000000,0.0000000000,0.0000000000,0.0000000000,0.0000000000,0.0000000000
option8,2032,4017.0200000000,4115.0000000000,97.9808000000,89.8820000000,176.7550000000,86.7178000000,120.7920000000,131.5540000000,11.2636000000,210.6740000000,308.3080000000,97.9808000000,0,0.0000000000,0.0000000000,0.0000000000,0.0000000000,0.0000000000,0.0000000000,0.0000000000,0.0000000000
option8,2083,48748.8000000000,49110.8000000000,362.0750000000,943.0510000000,1281.2400000000,340.0530000000,1119.8815000000,1140.8900000000,22.0383000000,2062.9325000000,2422.1100000000,362.0750000000,0,0.0000000000,0.0000000000,0.0000000000,0.0000000000,0.0000000000,0.0000000000,0.0000000000,0.0000000000
option8,2063,19827.2000000000,20032.2000000000,204.9880000000,412.0590000000,600.8930000000,188.9900000000,489.0416000000,505.9480000000,15.9990000000,901.1006000000,1106.8400000000,204.9880000000,0,0.0000000000,0.0000000000,0.0000000000,0.0000000000,0.0000000000,0.0000000000,0.0000000000,0.0000000000
option8,2031,3756.8100000000,3850.6900000000,93.8771000000,83.0360000000,165.9790000000,82.7963000000,111.7638000000,122.3840000000,11.0820000000,194.7998000000,288.3620000000,93.8771000000,0,0.0000000000,0.0000000000,0.0000000000,0.0000000000,0.0000000000,0.0000000000,0.0000000000,0.0000000000
option8,2076,33237.4000000000,33542.7000000000,305.3410000000,717.0490000000,1006.3600000000,290.5850000000,853.4268000000,869.5490000000,14.8002000000,1570.4758000000,1875.8600000000,305.3410000000,0,0.0000000000,0.0000000000,0.0000000000,0.0000000000,0.0000000000,0.0000000000,0.0000000000,0.0000000000
option8,2096,85728.0000000000,86324.0000000000,596.0100000000,1509.4420000000,2057.6300000000,549.3620000000,1801.5760000000,1847.7700000000,44.9773000000,3311.0180000000,3907.0700000000,596.0100000000,0,0.0000000000,0.0000000000,0.0000000000,0.0000000000,0.0000000000,0.0000000000,0.0000000000,0.0000000000
option8,2049,9012.1900000000,9177.8600000000,165.6720000000,215.7510000000,371.6940000000,156.0340000000,264.4511000000,272.5810000000,9.6549900000,480.2021000000,644.2580000000,165.6720000000,0,0.0000000000,0.0000000000,0.0000000000,0.0000000000,0.0000000000,0.0000000000,0.0000000000,0.0000000000
option8,2080,45245.5000000000,45594.8000000000,349.3260000000,840.7970000000,1170.4500000000,330.5980000000,999.7295000000,1019.4000000000,18.7562000000,1840.5265000000,2189.8200000000,349.3260000000,0,0.0000000000,0.0000000000,0.0000000000,0.0000000000,0.0000000000,0.0000000000,0.0000000000,0.0000000000
option8,2060,16882.7000000000,17082.4000000000,199.6880000000,360.8930000000,542.3220000000,181.9540000000,428.4384000000,447.5500000000,17.8095000000,789.3314000000,989.7960000000,199.6880000000,0,0.0000000000,0.0000000000,0.0000000000,0.0000000000,0.0000000000,0.0000000000,0.0000000000,0.0000000000
option8,2073,30210.4000000000,30477.9000000000,267.5260000000,632.6410000000,886.5600000000,254.8620000000,750.1200000000,762.9240000000,12.6663000000,1382.7610000000,1649.4800000000,267.5260000000,0,0.0000000000,0.0000000000,0.0000000000,0.0000000000,0.0000000000,0.0000000000,0.0000000000,0.0000000000
option8,2093,76228.5000000000,76718.3000000000,489.7200000000,1350.0090000000,1797.8400000000,448.7480000000,1604.0080000000,1646.8000000000,40.9798000000,2954.0170000000,3444.6300000000,489.7210000000,0,0.0000000000,0.0000000000,0.0000000000,0.0000000000,0.0000000000,0.0000000000,0.0000000000,0.0000000000
option8,2034,4503.4000000000,4608.3500000000,104.9490000000,104.5210000000,198.5810000000,93.8121000000,138.7866000000,149.6000000000,11.1386000000,243.3076000000,348.1790000000,104.9490000000,0,0.0000000000,0.0000000000,0.0000000000,0.0000000000,0.0000000000,0.0000000000,0.0000000000,0.0000000000
option8,2085,52607.7000000000,52995.9000000000,388.1730000000,1015.2090000000,1373.2200000000,360.5570000000,1208.6960000000,1235.6000000000,26.8096000000,2223.9050000000,2609.6200000000,388.1730000000,0,0.0000000000,0.0000000000,0.0000000000,0.0000000000,0.0000000000,0.0000000000,0.0000000000,0.0000000000
option8,2065,21472.0000000000,21685.6000000000,213.5890000000,449.2870000000,646.8760000000,198.1140000000,532.1431000000,547.4820000000,15.5051000000,981.4301000000,1194.3300000000,213.5890000000,0,0.0000000000,0.0000000000,0.0000000000,0.0000000000,0.0000000000,0.0000000000,0.0000000000,0.0000000000
option8,2043,6887.1100000000,7026.1400000000,139.0290000000,166.4120000000,293.1630000000,126.8150000000,207.3660000000,219.9410000000,12.2219000000,373.7780000000,513.0970000000,139.0290000000,0,0.0000000000,0.0000000000,0.0000000000,0.0000000000,0.0000000000,0.0000000000,0.0000000000,0.0000000000
option8,2055,13208.3000000000,13371.1000000000,162.7670000000,287.1610000000,432.6490000000,145.4930000000,344.6524000000,362.8640000000,17.2764000000,631.8134000000,795.5100000000,162.7670000000,0,0.0000000000,0.0000000000,0.0000000000,0.0000000000,0.0000000000,0.0000000000,0.0000000000,0.0000000000
option8,2046,7879.0100000000,8035.4100000000,156.4020000000,189.5550000000,334.0990000000,144.9200000000,234.1536000000,245.1780000000,11.4861000000,423.7086000000,579.2730000000,156.4020000000,0,0.0000000000,0.0000000000,0.0000000000,0.0000000000,0.0000000000,0.0000000000,0.0000000000,0.0000000000
option8,2028,3061.2600000000,3129.2000000000,67.9366000000,65.6350000000,126.8090000000,62.5928000000,88.7607000000,93.8397000000,5.3450100000,154.3957000000,220.6480000000,67.9366000000,0,0.0000000000,0.0000000000,0.0000000000,0.0000000000,0.0000000000,0.0000000000,0.0000000000,0.0000000000
option8,2050,9368.7500000000,9533.8300000000,165.0750000000,230.0260000000,386.2150000000,156.2470000000,277.3400000000,284.4980000000,8.8286100000,507.3660000000,670.7130000000,165.0750000000,0,0.0000000000,0.0000000000,0.0000000000,0.0000000000,0.0000000000,0.0000000000,0.0000000000,0.0000000000
option8,2099,99095.7000000000,99796.9000000000,701.2180000000,1694.1870000000,2341.8000000000,648.6660000000,2022.2384000000,2075.3500000000,53.1890000000,3716.4254000000,4416.5200000000,701.2180000000,0,0.0000000000,0.0000000000,0.0000000000,0.0000000000,0.0000000000,0.0000000000,0.0000000000,0.0000000000
option8,2079,43014.4000000000,43344.3000000000,329.8300000000,808.5430000000,1120.5700000000,312.6600000000,962.8605000000,980.8040000000,17.1689000000,1771.4035000000,2101.3800000000,329.8300000000,0,0.0000000000,0.0000000000,0.0000000000,0.0000000000,0.0000000000,0.0000000000,0.0000000000,0.0000000000
option8,2100,100874.0000000000,101602.0000000000,727.6760000000,1761.5120000000,2430.5000000000,670.0000000000,2101.2768000000,2159.2600000000,58.7302000000,3862.7888000000,4588.7100000000,727.6750000000,0,0.0000000000,0.0000000000,0.0000000000,0.0000000000,0.0000000000,0.0000000000,0.0000000000,0.0000000000
option8,2092,72954.1000000000,73436.7000000000,482.6820000000,1302.1010000000,1744.4000000000,442.7130000000,1542.9568000000,1584.3600000000,39.7387000000,2845.0578000000,3328.9900000000,482.6820000000,0,0.0000000000,0.0000000000,0.0000000000,0.0000000000,0.0000000000,0.0000000000,0.0000000000,0.0000000000
option8,2072,28672.2000000000,28919.0000000000,246.7640000000,606.2660000000,840.0390000000,234.5190000000,722.8816000000,735.1080000000,12.2476000000,1329.1476000000,1575.1400000000,246.7640000000,0,0.0000000000,0.0000000000,0.0000000000,0.0000000000,0.0000000000,0.0000000000,0.0000000000,0.0000000000
option8,2035,4733.3100000000,4841.0000000000,107.6870000000,111.6830000000,208.5540000000,96.5659000000,145.8450000000,156.8280000000,11.1214000000,257.5280000000,365.3820000000,107.6870000000,0,0.0000000000,0.0000000000,0.0000000000,0.0000000000,0.0000000000,0.0000000000,0.0000000000,0.0000000000
option8,2064,20662.7000000000,20874.3000000000,211.5200000000,430.2720000000,626.2620000000,196.0580000000,512.5514000000,528.2770000000,15.5967000000,942.8234000000,1154.4000000000,211.5200000000,0,0.0000000000,0.0000000000,0.0000000000,0.0000000000,0.0000000000,0.0000000000,0.0000000000,0.0000000000
option8,2084,50058.8000000000,50438.7000000000,379.8490000000,978.9650000000,1331.8400000000,355.2380000000,1163.3745000000,1188.0800000000,24.6136000000,2142.3395000000,2519.9200000000,379.8490000000,0,0.0000000000,0.0000000000,0.0000000000,0.0000000000,0.0000000000,0.0000000000,0.0000000000,0.0000000000
option8,2030,3538.5600000000,3627.7000000000,89.1389000000,76.5940000000,154.9960000000,78.2525000000,103.2642000000,113.8180000000,10.8880000000,179.8582000000,268.8120000000,89.1389000000,0,0.0000000000,0.0000000000,0.0000000000,0.0000000000,0.0000000000,0.0000000000,0.0000000000,0.0000000000
option8,2097,91835.2000000000,92331.1000000000,495.9120000000,1567.8780000000,2016.5700000000,450.8670000000,1855.7535000000,1902.5600000000,45.3861000000,3423.6315000000,3918.7900000000,495.9120000000,0,0.0000000000,0.0000000000,0.0000000000,0.0000000000,0.0000000000,0.0000000000,0.0000000000,0.0000000000
option8,2077,35834.1000000000,36147.4000000000,313.3580000000,746.7770000000,1043.2500000000,297.8130000000,885.7572000000,903.0170000000,15.5572000000,1632.5342000000,1946.2500000000,313.3580000000,0,0.0000000000,0.0000000000,0.0000000000,0.0000000000,0.0000000000,0.0000000000,0.0000000000,0.0000000000
option8,2048,8617.8000000000,8781.5600000000,163.7630000000,206.5860000000,360.2320000000,153.7970000000,254.8190000000,263.5180000000,9.9669800000,461.4050000000,623.7490000000,163.7630000000,0,0.0000000000,0.0000000000,0.0000000000,0.0000000000,0.0000000000,0.0000000000,0.0000000000,0.0000000000
option8,2061,17859.1000000000,18061.7000000000,202.6480000000,377.2930000000,561.8960000000,185.1420000000,449.2110000000,467.9070000000,17.5067000000,826.5040000000,1029.8000000000,202.6480000000,0,0.0000000000,0.0000000000,0.0000000000,0.0000000000,0.0000000000,0.0000000000,0.0000000000,0.0000000000
option8,2081,46964.2000000000,47320.2000000000,356.0110000000,873.8800000000,1208.5600000000,336.1510000000,1038.0820000000,1058.3400000000,19.8898000000,1911.9620000000,2266.8700000000,356.0110000000,0,0.0000000000,0.0000000000,0.0000000000,0.0000000000,0.0000000000,0.0000000000,0.0000000000,0.0000000000
option8,2047,8226.8600000000,8387.3500000000,160.4890000000,197.8510000000,347.4130000000,149.8380000000,243.0048000000,252.7770000000,10.6518000000,440.8558000000,600.1890000000,160.4890000000,0,0.0000000000,0.0000000000,0.0000000000,0.0000000000,0.0000000000,0.0000000000,0.0000000000,0.0000000000
option8,2029,3301.6600000000,3385.9800000000,84.3208000000,70.7970000000,143.9280000000,73.8658000000,95.2200000000,105.2230000000,10.4612000000,166.0170000000,249.1450000000,84.3208000000,0,0.0000000000,0.0000000000,0.0000000000,0.0000000000,0.0000000000,0.0000000000,0.0000000000,0.0000000000
option8,2051,9754.0300000000,9921.8400000000,167.8060000000,240.2810000000,399.0320000000,158.8020000000,287.8848000000,295.4930000000,9.1473100000,528.1658000000,694.3820000000,167.8060000000,0,0.0000000000,0.0000000000,0.0000000000,0.0000000000,0.0000000000,0.0000000000,0.0000000000,0.0000000000
option8,2078,39421.5000000000,39727.0000000000,305.5380000000,777.2050000000,1067.1100000000,290.5390000000,919.4100000000,936.7850000000,15.9001000000,1696.6150000000,2002.9900000000,305.5380000000,0,0.0000000000,0.0000000000,0.0000000000,0.0000000000,0.0000000000,0.0000000000,0.0000000000,0.0000000000
option8,2098,97276.2000000000,97918.2000000000,642.0550000000,1629.4350000000,2220.6300000000,593.0400000000,1928.6250000000,1979.0000000000,49.0448000000,3558.0600000000,4199.6000000000,642.0550000000,0,0.0000000000,0.0000000000,0.0000000000,0.0000000000,0.0000000000,0.0000000000,0.0000000000,0.0000000000
option8,2042,6593.4300000000,6727.3100000000,133.8770000000,159.2090000000,280.8220000000,121.6260000000,197.7290000000,210.5920000000,12.2518000000,356.9380000000,491.4140000000,133.8770000000,0,0.0000000000,0.0000000000,0.0000000000,0.0000000000,0.0000000000,0.0000000000,0.0000000000,0.0000000000
option8,2054,12663.3000000000,12815.9000000000,152.6290000000,274.4690000000,409.8440000000,135.3860000000,328.6900000000,347.0430000000,17.3710000000,603.1590000000,756.7590000000,152.6290000000,0,0.0000000000,0.0000000000,0.0000000000,0.0000000000,0.0000000000,0.0000000000,0.0000000000,0.0000000000
option5,2034,4503.4000000000,4515.7000000000,12.3045000000,104.5210000000,5.0609600000,-99.7082000000,138.7866000000,0.0000000000,-138.4610000000,243.3076000000,-13.2146000000,-256.4450000000,0,194.1180000000,53.5196000000,194.1180000000,53.5196000000,138.4610000000,99.7082000000,55.6569000000,-46.1887000000
